0.252343881115,0.279910853775,0.467745265111
0.336487688601,0.380177078262,0.283335233137
0.230649329582,0.293711861641,0.475638808777
0.423306988951,0.297446283347,0.279246727702
0.298811522754,0.296180592259,0.405007884987
0.408975951813,0.299892574964,0.291131473223
0.215584001146,0.322798932541,0.461617066313
0.387078941524,0.294746627487,0.31817443099
0.280019654106,0.383754693032,0.336225652862
0.31487837853,0.305674112075,0.379447509395
0.324712757886,0.37287435325,0.302412888865
0.276478593403,0.414730978668,0.308790427929
0.356946545029,0.278741168373,0.364312286599
0.393867739697,0.311341874789,0.294790385515
0.285443552657,0.304870510821,0.409685936522
0.238402979729,0.429996470708,0.331600549563
0.170455834328,0.492338410956,0.337205754716
0.236918099923,0.358950718213,0.404131181864
0.322543849126,0.375227350144,0.302228800729
0.365110451849,0.334729785942,0.30015976221
0.333333333333,0.333333333333,0.333333333333
0.386725893246,0.333439322079,0.279834784675
0.353282285143,0.342024548518,0.304693166339
0.224398840069,0.388570848318,0.387030311613
0.278833877991,0.403267716932,0.317898405077
0.282849617581,0.294155528282,0.422994854137
0.310132596938,0.289440553557,0.400426849505
0.375516414799,0.251278468621,0.37320511658
0.404675516129,0.32422978908,0.27109469479
0.377636406153,0.320599096947,0.3017644969
0.31508438596,0.396059169809,0.288856444231
0.32494684828,0.327333083034,0.347720068686
0.328472021,0.344310683288,0.327217295712
0.302438985873,0.404347898429,0.293213115699
0.320718618685,0.350001449143,0.329279932171
0.309223622166,0.36987271859,0.320903659244
0.264012796658,0.408683074774,0.327304128568
0.448774141786,0.324410697767,0.226815160448
0.316025703273,0.330881658103,0.353092638624
0.257731461639,0.377731900174,0.364536638187
0.282932134385,0.428732631299,0.288335234316
0.386305364821,0.282218130096,0.331476505083
0.349997996885,0.3217502637,0.328251739415
0.27869108011,0.329346092193,0.391962827697
0.341269493234,0.320331156614,0.338399350152
0.374325230009,0.298003453708,0.327671316283
0.368229848913,0.313158262259,0.318611888828
0.385199730224,0.329610007072,0.285190262704
0.255261304869,0.358926026371,0.38581266876
0.232622366509,0.316947577676,0.450430055815
0.351454192882,0.301877603453,0.346668203665
0.278796221087,0.318460946485,0.402742832428
0.222845862447,0.355477946225,0.421676191328
0.241840350726,0.358370844395,0.399788804879
0.32371285804,0.370999353298,0.305287788662
0.296363760595,0.366175185278,0.337461054128
0.352603787848,0.329697726425,0.317698485727
0.287531099697,0.337829616614,0.374639283689
0.331357365897,0.388264999362,0.280377634741
0.291940482345,0.382097013933,0.325962503722
0.301947096302,0.269727069657,0.42832583404
0.448605915893,0.218461154793,0.332932929314
0.375737735022,0.313028785304,0.311233479674
0.320235444781,0.301338907746,0.378425647473
0.263829531249,0.353652316246,0.382518152505
0.297307017004,0.332476633525,0.370216349472
0.319081777107,0.343786420355,0.337131802539
0.273087741869,0.329635463818,0.397276794312
0.328517627243,0.391807382802,0.279674989955
0.291789848172,0.356241983503,0.351968168326
0.236079927287,0.343406741409,0.420513331304
0.42313879831,0.289903977541,0.286957224149
0.411913607268,0.320442896018,0.267643496714
0.251879471454,0.358104360273,0.390016168274
0.363618897709,0.339299809009,0.297081293282
0.380761726237,0.312547819993,0.30669045377
0.470520796047,0.244962729948,0.284516474006
0.412757175673,0.262505104102,0.324737720225
0.360746035266,0.311189140903,0.328064823832
0.261775171519,0.334270681266,0.403954147215
0.295746996532,0.268291648097,0.435961355371
0.259243280067,0.356902682798,0.383854037135
0.311443097605,0.291320205978,0.397236696417
0.285634442149,0.389446749428,0.324918808423
0.349551007882,0.327522173913,0.322926818205
0.344676905967,0.280844761222,0.374478332812
0.360796041351,0.334036781352,0.305167177297
0.28008241991,0.3277929629,0.39212461719
0.347527323935,0.365042594719,0.287430081346
0.34692406882,0.335517952078,0.317557979102
0.293711423657,0.372712034876,0.333576541466
0.378389959891,0.347535831832,0.274074208277
0.329019058942,0.310703574762,0.360277366296
0.313825625636,0.342605708688,0.343568665676
0.32645246879,0.328971392896,0.344576138314
0.350947926654,0.321934551041,0.327117522305
0.415461087181,0.28423508119,0.300303831629
0.339513597053,0.349735848349,0.310750554598
0.312023841805,0.340525332466,0.347450825728
0.319314744054,0.295769386608,0.384915869338
0.358768137104,0.33515122259,0.306080640307
0.485591807207,0.274882933946,0.239525258848
0.308507397864,0.335606491926,0.35588611021
0.321772027164,0.338911622963,0.339316349872
0.402110613105,0.297190122112,0.300699264783
0.290209909734,0.324161236483,0.385628853783
0.287318783305,0.373381483256,0.339299733439
0.364479220923,0.302345357151,0.333175421926
0.358440883458,0.354922043332,0.28663707321
0.409836795389,0.280950930296,0.309212274316
0.367683810916,0.277474803634,0.35484138545
0.334892845383,0.341068805721,0.324038348897
0.347831706417,0.366517513269,0.285650780314
0.322349422968,0.339126478759,0.338524098273
0.303496846939,0.344171580011,0.35233157305
0.380298544255,0.289582186091,0.330119269654
0.331362063401,0.24874344421,0.419894492389
0.39425790389,0.342915812655,0.262826283455
0.504335095827,0.228649541135,0.267015363039
0.364555421739,0.296261377156,0.339183201105
0.277146450102,0.291135509473,0.431718040424
0.461211012984,0.274008839512,0.264780147504
0.386017125559,0.304041289591,0.30994158485
0.376258141288,0.34703546808,0.276706390632
0.355904205206,0.289197186459,0.354898608335
0.249434331451,0.270727314089,0.47983835446
0.33075250119,0.294301168002,0.374946330807
0.28054319009,0.375833494388,0.343623315522
0.356239571274,0.34573790571,0.298022523015
0.266304783851,0.353930176638,0.379765039511
0.280678663084,0.336343030156,0.38297830676
0.281095256532,0.345004519422,0.373900224046
0.289839673856,0.384457624292,0.325702701853
0.374242097803,0.320619233955,0.305138668242
0.294355146517,0.327020197418,0.378624656065
0.190962417162,0.391490783685,0.417546799153
0.399217837367,0.319815917303,0.28096624533
0.211712252486,0.40729654281,0.380991204703
0.23893696396,0.397196665343,0.363866370697
0.253017194713,0.401234112812,0.345748692475
0.257650898234,0.389099608422,0.353249493344
0.227109797202,0.341297237275,0.431592965523
0.355439371762,0.325247742618,0.31931288562
0.270761518958,0.346308024191,0.38293045685
0.371235726418,0.348476813656,0.280287459926
0.245825393365,0.333840491356,0.420334115279
0.313740082474,0.318156867351,0.368103050175
0.335922777309,0.353568281849,0.310508940842
0.343809709292,0.35254485369,0.303645437018
0.383961155484,0.301570536052,0.314468308464
0.346400185537,0.327578653351,0.326021161112
0.33321254772,0.306062138105,0.360725314175
0.414365415695,0.295069519846,0.290565064459
0.308929948037,0.363362061675,0.327707990289
0.396675977495,0.296321461462,0.307002561043
0.307359196758,0.333607841845,0.359032961397
0.253955037597,0.275824613621,0.470220348782
0.447356739933,0.224753551149,0.327889708918
0.267438321989,0.297574630656,0.434987047355
0.477101280372,0.257620394639,0.265278324989
0.190127448754,0.512882747548,0.296989803699
0.230811880318,0.390309046981,0.378879072701
0.235601000178,0.329841834998,0.434557164824
0.210740375371,0.312361531289,0.47689809334
0.301903799604,0.371880134292,0.326216066104
0.282111713624,0.329402154364,0.388486132013
0.465472864273,0.279339949805,0.255187185922
0.351270926233,0.340796869919,0.307932203848
0.272916061448,0.350773771142,0.37631016741
0.298868165012,0.312231865541,0.388899969446
0.371847244064,0.318431536314,0.309721219622
0.265696479868,0.346331674312,0.38797184582
0.417815350065,0.313600725917,0.268583924019
0.375637687283,0.324873329638,0.29948898308
0.308697197241,0.36807053418,0.323232268579
0.292655543932,0.363708589979,0.343635866088
0.327264716841,0.312063456103,0.360671827056
0.340972757539,0.271037671364,0.387989571097
0.270739991169,0.41210890512,0.31715110371
0.336948075,0.292212230846,0.370839694154
0.246400678708,0.33568839628,0.417910925011
0.385281921397,0.359232603399,0.255485475204
0.327316967872,0.356213079551,0.316469952578
0.321560412851,0.289973618774,0.388465968375
0.3957882018,0.318775355129,0.285436443071
0.258464674312,0.343950445903,0.397584879785
0.309270571777,0.32615553404,0.364573894183
0.402265614344,0.340634676333,0.257099709324
0.24741688626,0.283938692669,0.468644421072
0.289014962961,0.3454616997,0.365523337339
0.24142308104,0.338765983388,0.419810935572
0.220210401083,0.32117678469,0.458612814228
0.375199515459,0.358634283722,0.266166200819
0.412782513804,0.248997908176,0.33821957802
0.2943831517,0.309595219192,0.396021629108
0.391430009322,0.305444789408,0.303125201269
0.346959713739,0.289534852272,0.363505433989
0.451721188563,0.291976434716,0.256302376722
0.275715685301,0.381050240358,0.343234074341
0.269219422946,0.369260524443,0.361520052611
0.292828117676,0.445163881882,0.262008000442
0.286256938723,0.373646706067,0.34009635521
0.502985634957,0.294273327352,0.202741037691
0.276795160452,0.358286149234,0.364918690314
0.30171271535,0.301263292726,0.397023991924
0.359492851443,0.34577283634,0.294734312217
0.284317183317,0.315838546688,0.399844269995
0.30540462118,0.38333918825,0.31125619057
0.313010313089,0.372975275805,0.314014411106
0.198613728255,0.297695706048,0.503690565697
0.294794060038,0.320055356137,0.385150583825
0.294261806772,0.350902435723,0.354835757505
0.371018329429,0.281828521334,0.347153149237
0.212001773944,0.285500394181,0.502497831874
0.393559733416,0.280549458247,0.325890808336
0.322957780089,0.312916683207,0.364125536703
0.353016513479,0.330128534628,0.316854951893
0.336514242323,0.321320011349,0.342165746328
0.375419692016,0.315459848003,0.309120459981
0.3420175994,0.372640097434,0.285342303165
0.327306618247,0.327130732537,0.345562649216
0.281217323274,0.361488199591,0.357294477134
0.303684992796,0.297973653536,0.398341353668
0.28679620159,0.366227067557,0.346976730852
0.395492460581,0.307708116402,0.296799423017
0.457855532544,0.253903475293,0.288240992163
0.245842507185,0.271935968665,0.48222152415
0.324663660923,0.325730581017,0.349605758061
0.322709815631,0.36290746372,0.314382720649
0.341458203336,0.326348243133,0.332193553531
0.332183348474,0.379685878717,0.288130772809
0.232525908553,0.334177879168,0.433296212279
0.360951324442,0.389961154182,0.249087521376
0.381296162868,0.279607644983,0.339096192148
0.360626077933,0.311053572627,0.32832034944
0.370182684541,0.302593314045,0.327224001414
0.417966794002,0.302399137061,0.279634068937
0.328162108531,0.295672269856,0.376165621612
0.300842302274,0.296575351073,0.402582346654
0.328916545053,0.341963692741,0.329119762206
0.289197464499,0.355754301861,0.355048233639
0.374061391562,0.336623961846,0.289314646592
0.325488096135,0.298434469095,0.376077434769
0.32678182195,0.35991405717,0.31330412088
0.331819158276,0.349129508554,0.319051333171
0.369950676314,0.339123459307,0.290925864379
0.282164200169,0.407481279095,0.310354520736
0.344235727803,0.317401639735,0.338362632462
0.28081548326,0.330202760328,0.388981756413
0.290936575573,0.380965653866,0.32809777056
0.296450198509,0.332747206708,0.370802594783
0.305951551957,0.364756997023,0.32929145102
0.333764711023,0.329915615082,0.336319673895
0.26625685102,0.326334504302,0.407408644679
0.377512843645,0.332622644111,0.289864512244
0.310800001854,0.374679907428,0.314520090718
0.255223420876,0.351748506929,0.393028072195
0.365650375922,0.294671028799,0.339678595279
0.348102600127,0.320266445038,0.331630954835
0.418414644228,0.2933599647,0.288225391072
0.271391860827,0.334111773004,0.394496366169
0.34637560364,0.344056356777,0.309568039583
0.43754365277,0.293411934221,0.26904441301
0.422786879402,0.277261408333,0.299951712265
0.350339577031,0.311186342765,0.338474080205
0.353893033905,0.335976771902,0.310130194193
0.252555971352,0.323337784185,0.424106244463
0.284939253987,0.358958714849,0.356102031164
0.32058686159,0.300605223787,0.378807914623
0.325175271341,0.352030035838,0.322794692821
0.323493182213,0.342539956326,0.33396686146
0.300632273006,0.353988627228,0.345379099766
0.316875571624,0.37214581424,0.310978614135
0.252169557073,0.322340524358,0.425489918569
0.280183190163,0.307904026007,0.41191278383
0.272123453567,0.305571465416,0.422305081017
0.212069765736,0.340434499241,0.447495735023
0.308341945685,0.375452551481,0.316205502834
0.327851357219,0.327491719984,0.344656922797
0.281012768633,0.374754172416,0.344233058951
0.323292695201,0.340684430159,0.33602287464
0.380397591187,0.329876434875,0.289725973938
0.338917353837,0.371479219721,0.289603426442
0.291800038204,0.371982613954,0.336217347842
0.288953258386,0.373683817652,0.337362923962
0.368389062227,0.336455888161,0.295155049612
0.423059015304,0.300131289412,0.276809695284
0.23331814809,0.330046679839,0.436635172071
0.305949157074,0.345223900064,0.348826942862
0.328386099768,0.363395061408,0.308218838824
0.391309609464,0.325084223055,0.283606167481
0.32107977358,0.353996716176,0.324923510244
0.275452414387,0.415083294671,0.309464290942
0.293138193443,0.329391258913,0.377470547644
0.296129665195,0.336632999211,0.367237335594
0.428747495359,0.305696621853,0.265555882789
0.378938604843,0.323541778312,0.297519616845
0.307578661036,0.339899027837,0.352522311128
0.291943233783,0.300091264969,0.407965501248
0.325467170651,0.326468289685,0.348064539664
0.44978116472,0.309021383745,0.241197451535
0.295359334874,0.331881855968,0.372758809158
0.276949935941,0.335231289728,0.387818774332
0.30467080398,0.390995707448,0.304333488572
0.282254679487,0.379497613194,0.338247707318
0.338086387048,0.293216545178,0.368697067774
0.471134254709,0.263525702155,0.265340043136
0.464775735247,0.270534314134,0.264689950619
0.365611687669,0.299847458476,0.334540853855
0.450137510195,0.261563524448,0.288298965357
0.415791690913,0.297792768844,0.286415540243
0.420582578105,0.302522350631,0.276895071264
0.435109988126,0.237716550433,0.32717346144
0.273367663822,0.413924757169,0.312707579009
0.304520285016,0.361293615368,0.334186099616
0.294822730903,0.347457222028,0.357720047069
0.328996239902,0.356392986719,0.314610773379
0.287798612857,0.370534414433,0.34166697271
0.273887601441,0.365910985804,0.360201412755
0.346388345275,0.298840820667,0.354770834058
0.408223560077,0.276183958956,0.315592480966
0.293099825591,0.367379267451,0.339520906958
0.233666015921,0.344273912778,0.422060071301
0.329911993415,0.314212183707,0.355875822877
0.316652520719,0.355750631272,0.327596848009
0.200791054113,0.313254775374,0.485954170512
0.414069683163,0.280180711483,0.305749605354
0.379686987044,0.340914962404,0.279398050552
0.167406589667,0.480864453042,0.351728957291
0.31129714597,0.324108567962,0.364594286068
0.296678722511,0.397010828778,0.306310448711
0.29412836777,0.341993344997,0.363878287234
0.394219135392,0.336726811622,0.269054052986
0.346011677996,0.334012255439,0.319976066566
0.337337678094,0.319819555397,0.342842766509
0.297379534019,0.34384340577,0.35877706021
0.386484305295,0.352069986598,0.261445708106
0.408949577711,0.304917186102,0.286133236187
0.311646217834,0.329551111831,0.358802670335
0.270320733377,0.321661052088,0.408018214535
0.396838276664,0.313427342323,0.289734381013
0.262347519054,0.350312570111,0.387339910835
0.312654577733,0.397798677319,0.289546744949
0.28359890687,0.345902901558,0.370498191572
0.313231464363,0.326163668341,0.360604867296
0.399217300911,0.330918433332,0.269864265757
0.394999710177,0.301580593497,0.303419696325
0.369443261861,0.324312834362,0.306243903777
0.422676929793,0.289909615569,0.287413454638
0.320464588991,0.335322366497,0.344213044512
0.391563565858,0.330237598164,0.278198835978
0.242659279655,0.374997205098,0.382343515248
0.409303680793,0.321326222459,0.269370096748
0.430388081099,0.309953598992,0.259658319909
0.315801527513,0.327193118739,0.357005353747
0.456713807981,0.251386698931,0.291899493088
0.306578878594,0.308693210074,0.384727911331
0.281839417869,0.338452842811,0.37970773932
0.312863965283,0.306726457726,0.380409576991
0.356312691265,0.307929656895,0.33575765184
0.463806220912,0.263814302829,0.272379476259
0.340439167138,0.288036130452,0.37152470241
0.313707775139,0.32275640115,0.363535823711
0.298513744225,0.269933505709,0.431552750066
0.378602200335,0.336419858305,0.28497794136
0.285387484003,0.310834583517,0.40377793248
0.347347156193,0.315944199639,0.336708644168
0.473928107804,0.288053551566,0.238018340631
0.374333266481,0.340844131033,0.284822602485
0.391473243311,0.27951630525,0.329010451439
0.320193136718,0.355292690545,0.324514172737
0.305820236693,0.331781916369,0.362397846938
0.323837377868,0.346689263167,0.329473358966
0.315903159812,0.363858515376,0.320238324812
0.313177484546,0.366418318032,0.320404197422
0.290034066886,0.271550486748,0.438415446366
0.221087921763,0.332489585576,0.446422492662
0.245032364954,0.361080943957,0.39388669109
0.200972237873,0.392310737303,0.406717024824
0.28404518511,0.352996431186,0.362958383704
0.307729614571,0.287854209794,0.404416175636
0.305403460654,0.31347486309,0.381121676256
0.327386639119,0.34931557904,0.323297781841
0.197778720927,0.304992498698,0.497228780375
0.361895962184,0.339796142752,0.298307895064
0.239820908547,0.358227749243,0.401951342209
0.38343828326,0.268427230327,0.348134486413
0.250550141256,0.312663602309,0.436786256435
0.340228250322,0.330270687656,0.329501062022
0.323777570243,0.3268284275,0.349394002257
0.370368522715,0.321799935952,0.307831541333
0.332606559106,0.306686759541,0.360706681353
0.348658639381,0.362188970173,0.289152390446
0.33484281132,0.316759255415,0.348397933264
0.381446202329,0.293229040731,0.32532475694
0.337067790763,0.333784582105,0.329147627132
0.324412907675,0.254623931265,0.42096316106
0.337040864498,0.362739208254,0.300219927249
0.265048994127,0.395152523961,0.339798481912
0.344748587748,0.35486982516,0.300381587092
0.374748503599,0.317990888833,0.307260607567
0.355441832004,0.304957353611,0.339600814385
0.308757911299,0.361643294772,0.329598793929
0.356470708113,0.311481638947,0.332047652939
0.296852684219,0.371813299275,0.331334016506
0.323954110182,0.302007265298,0.374038624521
0.34087967952,0.327755018021,0.331365302459
0.355213559648,0.268574776069,0.376211664283
0.365868579601,0.335485546431,0.298645873968
0.352308500222,0.332619461583,0.315072038195
0.414267200441,0.356543069888,0.229189729672
0.352848481452,0.306818188788,0.34033332976
0.339764626227,0.30062344916,0.359611924612
0.306845124895,0.353716714024,0.33943816108
0.411098046123,0.304322462513,0.284579491364
0.328369615958,0.339545850249,0.332084533794
0.335444957385,0.315452407154,0.349102635461
0.406503002096,0.303048684974,0.29044831293
0.208746834589,0.355005873635,0.436247291775
0.337439076565,0.309561614219,0.352999309216
0.280521059006,0.329883179771,0.389595761224
0.256432945754,0.382342878006,0.36122417624
0.391494595392,0.350878008094,0.257627396514
0.298795081908,0.389036816635,0.312168101457
0.392073482997,0.298264304763,0.30966221224
0.365767505445,0.306331485067,0.327901009488
0.348336994848,0.270874658593,0.380788346558
0.302437535035,0.320664293303,0.376898171662
0.312499574979,0.347367977534,0.340132447486
0.26567858038,0.418600407869,0.315721011751
0.319195435027,0.324444746511,0.356359818462
0.334749172195,0.341766732329,0.323484095476
0.322766965484,0.370618373612,0.306614660904
0.29702606202,0.344925254244,0.358048683736
0.334646280597,0.313996645321,0.351357074083
0.32984364178,0.354503109262,0.315653248958
0.366762274023,0.351554970211,0.281682755766
0.282542234616,0.336981513307,0.380476252078
0.431932300082,0.279327439347,0.288740260571
0.30634269668,0.368575019913,0.325082283407
0.376506816745,0.32835265781,0.295140525445
0.273803505251,0.335624573677,0.390571921072
0.324669054717,0.377096587905,0.298234357378
0.25954618881,0.38720389048,0.35324992071
0.347922990962,0.303030276707,0.34904673233
0.334334157376,0.329147277971,0.336518564653
0.294204197952,0.392102522137,0.313693279912
0.290348457997,0.325581625333,0.38406991667
0.367302385338,0.373443223208,0.259254391455
0.32675172024,0.341035312418,0.332212967342
0.298066923315,0.370037797159,0.331895279526
0.291328328705,0.3792134061,0.329458265195
0.348896513839,0.358145534047,0.292957952115
0.374907975199,0.360661119389,0.264430905412
0.331661052022,0.317837560528,0.35050138745
0.435397992725,0.305299981245,0.25930202603
0.401268982899,0.298638812537,0.300092204565
0.387478002842,0.316371952935,0.296150044223
0.222281806805,0.317659171048,0.460059022147
0.266131416634,0.348249323831,0.385619259535
0.254202846917,0.36985755679,0.375939596293
0.305064060002,0.326522664228,0.36841327577
0.202024868101,0.360207451392,0.437767680507
0.264801648245,0.404923745829,0.330274605926
0.322855483442,0.297730976579,0.37941353998
0.350170656332,0.227123199926,0.422706143742
0.296965729878,0.397934253918,0.305100016203
0.450851097811,0.331714380234,0.217434521956
0.266806147451,0.379535514904,0.353658337645
0.354922738937,0.334995770203,0.310081490859
0.368067627377,0.322014224447,0.309918148176
0.279454389892,0.343944434218,0.37660117589
0.417858588537,0.310511980951,0.271629430512
0.294013106367,0.376675022663,0.32931187097
0.276691542816,0.426143005857,0.297165451327
0.446801269439,0.311937644556,0.241261086005
0.397022996903,0.302406666712,0.300570336385
0.345216573743,0.366962762429,0.287820663828
0.394913417643,0.300088903129,0.304997679229
0.347172366038,0.350240740446,0.302586893515
0.368832878327,0.337440167628,0.293726954045
0.453246076851,0.280944077335,0.265809845814
0.231091505623,0.334163817009,0.434744677368
0.271139871459,0.334446603301,0.394413525239
0.21438899449,0.352704300112,0.432906705398
0.316047414227,0.284663842387,0.399288743386
0.298169664211,0.349883433881,0.351946901907
0.323684233134,0.313048425391,0.363267341475
0.280679670086,0.340771482069,0.378548847844
0.30388685428,0.358640912224,0.337472233496
0.352311365349,0.303604875096,0.344083759555
0.29013914959,0.306129987725,0.403730862685
0.245666903092,0.394464330592,0.359868766316
0.370124878606,0.337345730668,0.292529390725
0.266396791344,0.356940712031,0.376662496625
0.273373857949,0.371701494047,0.354924648004
0.227457283065,0.363517216619,0.409025500316
0.267546138301,0.312573057241,0.419880804458
0.316081798497,0.344285882559,0.339632318944
0.282940494375,0.319239724003,0.397819781622
0.31628995218,0.335301097271,0.34840895055
0.322719884861,0.333191745676,0.344088369463
0.360495714812,0.306832551598,0.33267173359
0.272416653363,0.307008646029,0.420574700609
0.402719322193,0.30868950639,0.288591171417
0.39481204278,0.320021501487,0.285166455734
0.362709521654,0.334779607761,0.302510870585
0.288895594559,0.365993411129,0.345110994312
0.321231741537,0.344811749904,0.33395650856
0.447619561557,0.281767311969,0.270613126473
0.399586764693,0.304252337833,0.296160897474
0.376936804808,0.328283229056,0.294779966136
0.415969916999,0.271585269059,0.312444813943
0.425546189153,0.312056179929,0.262397630918
0.304359837391,0.353048018024,0.342592144585
0.371915513655,0.295990097022,0.332094389323
0.286385938242,0.402358824973,0.311255236785
0.446658518969,0.290559353792,0.262782127239
0.36358862466,0.324826811802,0.311584563538
0.374641744845,0.330161810721,0.295196444434
0.294925452086,0.423157893213,0.281916654701
0.460655412898,0.313492961086,0.225851626016
0.340207251213,0.378025628987,0.281767119799
0.23911127856,0.442777621035,0.318111100405
0.270385210337,0.336633969568,0.392980820094
0.463750569396,0.264354178464,0.27189525214
0.297507704268,0.364992482732,0.337499813
0.312079010294,0.33994127774,0.347979711967
0.435067136273,0.32861120363,0.236321660097
0.31110836197,0.346566765287,0.342324872743
0.315734020077,0.329006395662,0.355259584261
0.267340871691,0.340797816453,0.391861311856
0.321380061046,0.32679017524,0.351829763714
0.366770058315,0.313152837908,0.320077103777
0.347654578034,0.326144373995,0.32620104797
0.265444779399,0.317200958343,0.417354262259
0.283614060304,0.370665637559,0.345720302137
0.241687785575,0.343326517029,0.414985697396
0.230258292855,0.322429082645,0.4473126245
0.398644910958,0.263556242226,0.337798846817
0.271337832706,0.340353893909,0.388308273385
0.226223762898,0.36967607762,0.404100159482
0.304574280632,0.329273191484,0.366152527883
0.393909329194,0.329949166633,0.276141504173
0.326287996852,0.327477928713,0.346234074435
0.308248560727,0.333575356289,0.358176082984
0.400953957638,0.301679224723,0.297366817638
0.287416705094,0.351126363366,0.36145693154
0.29475074219,0.374052057907,0.331197199903
0.189215099699,0.478739199606,0.332045700695
0.220867130269,0.453975461497,0.325157408234
0.279371765847,0.437920838621,0.282707395531
0.33700689938,0.299068494077,0.363924606544
0.278738159708,0.407781303302,0.31348053699
0.293355949357,0.368342824015,0.338301226629
0.310620041166,0.400998501044,0.28838145779
0.322825299963,0.365517627096,0.311657072941
0.338286166072,0.342371844939,0.319341988989
0.320957590344,0.329985477556,0.349056932101
0.298495447551,0.359388245768,0.342116306681
0.421907758628,0.28534123309,0.292751008282
0.339658734331,0.302051600325,0.358289665344
0.329611899737,0.324081084926,0.346307015337
0.353069542285,0.318755437337,0.328175020378
0.438684207508,0.217752794719,0.343562997773
0.333061211252,0.31017167188,0.356767116868
0.403110741077,0.314291497505,0.282597761418
0.350076594651,0.339946451874,0.309976953475
0.356096512403,0.36518791677,0.278715570826
0.34567263689,0.356074951062,0.298252412048
0.401368207796,0.312228405493,0.286403386711
0.300278898075,0.364777318793,0.334943783133
0.382387217341,0.323224229549,0.29438855311
0.380163737023,0.294947199288,0.32488906369
0.336279605622,0.327720721708,0.33599967267
0.352305190364,0.360470358524,0.287224451113
0.383796560655,0.348528856596,0.267674582748
0.28982230437,0.345021352538,0.365156343092
0.313080435248,0.301993512358,0.384926052394
0.299247255166,0.306478534365,0.394274210469
0.411500549853,0.282085643879,0.306413806268
0.346887557678,0.284843327488,0.368269114834
0.340038216084,0.301003199659,0.358958584257
0.34615541799,0.301314885847,0.352529696162
0.119218498621,0.202913867915,0.677867633464
0.406891574573,0.278432622631,0.314675802797
0.322275948798,0.304016113942,0.37370793726
0.301173921167,0.360966999924,0.337859078909
0.290070465301,0.313923688144,0.396005846555
0.334790672265,0.296717778215,0.368491549521
0.356524681518,0.298139889994,0.345335428488
0.369911785809,0.332608541741,0.29747967245
0.241751368499,0.380150612798,0.378098018704
0.276744822927,0.319868021181,0.403387155892
0.42476315873,0.33569762617,0.2395392151
0.207160296184,0.28657116973,0.506268534086
0.267787999879,0.373730568884,0.358481431237
0.375143441257,0.314270826309,0.310585732434
0.444548619179,0.30714356322,0.248307817601
0.310124536643,0.328914931887,0.36096053147
0.320099518271,0.259755051628,0.420145430101
0.43666835682,0.287832675252,0.275498967928
0.34930116355,0.35131696789,0.29938186856
0.247874075538,0.460339195276,0.291786729186
0.245293903665,0.404945565233,0.349760531102
0.258360364436,0.310183896669,0.431455738894
0.264031468178,0.341504000107,0.394464531714
0.275080270631,0.35338654003,0.371533189339
0.223217483741,0.351332000863,0.425450515396
0.292127606818,0.296817435962,0.41105495722
0.400113024876,0.268956133862,0.330930841263
0.311397373076,0.368259925206,0.320342701719
0.356151888732,0.307757775036,0.336090336232
0.378431251288,0.300477474064,0.321091274648
0.379208304596,0.315307508381,0.305484187023
0.290686188768,0.299964330565,0.409349480666
0.244522000906,0.284484701002,0.470993298092
0.344847440503,0.355779678656,0.299372880841
0.314931083134,0.359903694079,0.325165222786
0.381385870362,0.356895418682,0.261718710956
0.348119519752,0.333544529561,0.318335950687
0.436225769969,0.309393802746,0.254380427285
0.424906638159,0.303230738218,0.271862623623
0.228469838944,0.361028172403,0.410501988652
0.314840028933,0.379876008925,0.305283962142
0.40544122236,0.355325189298,0.239233588342
0.290976208535,0.337376816869,0.371646974597
0.491088841421,0.296022355566,0.212888803013
0.339316090678,0.358024328142,0.30265958118
0.335323155622,0.321682109272,0.342994735106
0.398489496382,0.308680408861,0.292830094757
0.404245795694,0.324198935369,0.271555268937
0.382051176833,0.340285678599,0.277663144569
0.303050447454,0.343215226788,0.353734325758
0.312144416752,0.37846932018,0.309386263068
0.324721379723,0.410642357441,0.264636262837
0.308341731648,0.350500594155,0.341157674197
0.392402627331,0.321769321238,0.28582805143
0.305425024564,0.342561512774,0.352013462662
0.352748030053,0.361383417625,0.285868552322
0.347071395773,0.304055922015,0.348872682212
0.384157802914,0.315598542181,0.300243654905
0.409724115264,0.344298383956,0.24597750078
0.453842857591,0.287560551415,0.258596590994
0.300990833472,0.332500399243,0.366508767285
0.41339695686,0.291850534987,0.294752508152
0.328216699708,0.365934815643,0.305848484649
0.357072550357,0.386060295004,0.256867154639
0.326483115585,0.333569049988,0.339947834428
0.326057983972,0.300825240667,0.373116775361
0.305277854302,0.397431550809,0.297290594889
0.352333312836,0.318280374075,0.329386313089
0.355841526757,0.289302727184,0.354855746059
0.273382977043,0.38278936229,0.343827660667
0.304794860279,0.308041380374,0.387163759347
0.334031341181,0.369611432914,0.296357225904
0.309999175374,0.335042702962,0.354958121663
0.371567538161,0.373655480797,0.254776981042
0.184259786758,0.382421873113,0.433318340129
0.47140083951,0.245595700248,0.283003460242
0.311702772267,0.402177595192,0.28611963254
0.272435921053,0.3156402352,0.411923843747
0.271990042879,0.508816490696,0.219193466425
0.377662450364,0.323848255446,0.29848929419
0.371928796554,0.371392473058,0.256678730388
0.398560206123,0.2918625844,0.309577209476
0.346847265174,0.318339051768,0.334813683058
0.274464453517,0.331832175148,0.393703371335
0.350251103729,0.306469670808,0.343279225463
0.292037701802,0.304405869038,0.403556429161
0.342689741871,0.309933696311,0.347376561818
0.365620954778,0.302792269785,0.331586775436
0.325508169951,0.309602993238,0.36488883681
0.388285286248,0.278842825211,0.33287188854
0.409149335793,0.279032029114,0.311818635093
0.342738189944,0.319065731737,0.33819607832
0.338888665822,0.32717716913,0.333934165048
0.30646839909,0.321803284332,0.371728316578
0.296183827298,0.288264704835,0.415551467867
0.277553480838,0.367722957904,0.354723561259
0.174880457662,0.295357944526,0.529761597813
0.31019815884,0.2954463966,0.394355444561
0.326201191793,0.377153158559,0.296645649648
0.372793044013,0.292108247495,0.335098708492
0.343947274903,0.31623228677,0.339820438326
0.345541543895,0.279499145399,0.374959310706
0.379778990347,0.305691265412,0.314529744241
0.374587520754,0.352699574108,0.272712905139
0.391272929413,0.335542062122,0.273185008465
0.307960361935,0.45069127357,0.241348364495
0.357123002536,0.355411382364,0.2874656151
0.357320838924,0.38510714394,0.257572017136
0.53254782002,0.212879003693,0.254573176288
0.363182137184,0.345897984717,0.290919878099
0.237640903374,0.356358301186,0.406000795439
0.416381120291,0.293126529273,0.290492350436
0.258735709722,0.317957743783,0.423306546494
0.31428570206,0.337254786844,0.348459511095
0.461312372759,0.269991486656,0.268696140585
0.372416603554,0.350119109478,0.277464286968
0.336524662623,0.307186009869,0.356289327508
0.31313736609,0.293848761386,0.393013872524
0.311460298398,0.315063978285,0.373475723317
0.322751771035,0.357244588873,0.320003640093
0.357098655529,0.289708540798,0.353192803673
0.456441357442,0.260798232681,0.282760409877
0.401908932961,0.301875022396,0.296216044643
0.384339752241,0.325659194233,0.290001053526
0.325268817937,0.344005693823,0.33072548824
0.354923733335,0.32844860337,0.316627663296
0.356231137138,0.301579503541,0.342189359321
0.333012374854,0.358534331771,0.308453293375
0.307244058186,0.356016325115,0.336739616699
0.349466938913,0.318346401276,0.332186659811
0.351401576905,0.315677642314,0.332920780781
0.303715886864,0.298646674614,0.397637438522
0.339328299573,0.283125075154,0.377546625274
0.347741577564,0.327259296482,0.324999125954
0.250322737716,0.328314144936,0.421363117348
0.319707704759,0.29702782195,0.383264473291
0.315403036644,0.282838591402,0.401758371954
0.365259360643,0.283874915839,0.350865723517
0.408573155474,0.294344392285,0.297082452241
0.319117122911,0.356474938617,0.324407938472
0.264436214112,0.401130876903,0.334432908985
0.229502930842,0.384970974973,0.385526094185
0.459574576613,0.266787719556,0.273637703831
0.239028510439,0.333147855246,0.427823634315
0.393513238817,0.308465223304,0.29802153788
0.267969137323,0.386173124747,0.34585773793
0.323056634728,0.320673957343,0.356269407929
0.3172791254,0.333998606957,0.348722267643
0.264605687867,0.323886722759,0.411507589374
0.294296569169,0.406920504502,0.298782926329
0.413360816996,0.285787711637,0.300851471368
0.309651160851,0.371861741612,0.318487097538
0.285064015471,0.397153526649,0.31778245788
0.407734940621,0.300390016473,0.291875042906
0.419600687179,0.269686156631,0.31071315619
0.270834482069,0.309303325011,0.419862192919
0.31432944386,0.385108189165,0.300562366975
0.299229313124,0.323483488047,0.377287198829
0.350078810525,0.382359968675,0.2675612208
0.334768699324,0.272236698811,0.392994601865
0.531291717284,0.243217212761,0.225491069955
0.317054207408,0.331584955183,0.351360837409
0.365545741008,0.321330058049,0.313124200943
0.350575048417,0.348589504096,0.300835447487
0.339087864097,0.337241538796,0.323670597107
0.33210734523,0.318968640827,0.348924013943
0.373214236349,0.31521192349,0.311573840161
0.399780786034,0.298079638566,0.3021395754
0.367251344205,0.317568437414,0.315180218381
0.303651534149,0.380585913697,0.315762552154
0.380934007687,0.22262390546,0.396442086853
0.449254085383,0.281150356849,0.269595557768
0.247124041434,0.362508717303,0.390367241262
0.409278196042,0.30852913309,0.282192670868
0.349591945646,0.386021320306,0.264386734048
0.343571936082,0.336131272304,0.320296791615
0.42748708688,0.316745407685,0.255767505435
0.3010267406,0.341871503877,0.357101755523
0.393834549046,0.268732705097,0.337432745857
0.621326711377,0.186724743332,0.191948545291
0.3454358818,0.348896704873,0.305667413326
0.254774264261,0.324379464904,0.420846270836
0.373894600105,0.35189468177,0.274210718124
0.31651415353,0.33388680292,0.34959904355
0.397596510122,0.294545245475,0.307858244403
0.362410444781,0.300749659907,0.336839895312
0.302250670075,0.328869136254,0.368880193671
0.326760215655,0.377648617477,0.295591166868
0.310234527431,0.350469044045,0.339296428524
0.288648707509,0.398710659349,0.312640633142
0.265990582927,0.310948460467,0.423060956606
0.372262953344,0.333673255452,0.294063791203
0.403103976279,0.291919001534,0.304977022187
0.276338017553,0.386254578785,0.337407403663
0.325742088829,0.36086434594,0.313393565232
0.287197218557,0.376442601814,0.33636017963
0.263039866009,0.360039331275,0.376920802716
0.267636387938,0.439692192525,0.292671419537
0.338350118969,0.385160113687,0.276489767344
0.285895850627,0.397217721441,0.316886427931
0.279396978331,0.319597331241,0.401005690428
0.280179422765,0.380254200398,0.339566376837
0.25520921866,0.375923205217,0.368867576123
0.272863022545,0.377299668204,0.349837309251
0.308352152738,0.412860392105,0.278787455158
0.312274423718,0.39218492876,0.295540647522
0.237275100148,0.430212514348,0.332512385505
0.345909850791,0.42815543333,0.22593471588
0.313758438135,0.383842547353,0.302399014512
0.349441988133,0.380888798824,0.269669213043
0.26819080214,0.347238520112,0.384570677747
0.308355338011,0.341798733493,0.349845928496
0.347815640908,0.440982838483,0.211201520609
0.438834408434,0.271586450893,0.289579140673
0.336573465205,0.395233256084,0.268193278711
0.275979647653,0.350488351217,0.37353200113
0.5480318787,0.214262666666,0.237705454634
0.299045609985,0.33739724367,0.363557146346
0.388414020678,0.355838712497,0.255747266825
0.335112822713,0.310010219436,0.35487695785
0.44759490296,0.30266204558,0.249743051461
0.450693488675,0.255742788061,0.293563723265
0.362433981251,0.326787868846,0.310778149902
0.29564891301,0.389023439956,0.315327647034
0.429280814673,0.289683050942,0.281036134386
0.300571595277,0.375568176334,0.323860228389
0.375600506709,0.312413271281,0.311986222009
0.364375210734,0.337994720274,0.297630068992
0.363874571042,0.31137627339,0.324749155567
0.31336699799,0.341500597327,0.345132404683
0.246590991711,0.310464308974,0.442944699315
0.289232796997,0.347992765924,0.362774437079
0.323776508962,0.308485556321,0.367737934717
0.26378518084,0.320379929584,0.415834889576
0.275947317942,0.331146743068,0.39290593899
0.280427345604,0.335394867473,0.384177786923
0.313301643732,0.394321732224,0.292376624044
0.305631781858,0.385951380405,0.308416837737
0.294409188818,0.325179968954,0.380410842228
0.296091022868,0.340324410269,0.363584566863
0.312683750588,0.368201487071,0.31911476234
0.347284240995,0.387001958971,0.265713800034
0.278977082423,0.380178751554,0.340844166023
0.375560712872,0.332441051196,0.291998235933
0.291261883856,0.318731847686,0.390006268458
0.400435373862,0.311761913359,0.287802712779
0.397276917221,0.254676351931,0.348046730848
0.340538255518,0.279935546801,0.37952619768
0.355775527798,0.308260583217,0.335963888985
0.308670298564,0.36890877749,0.322420923947
0.300402057828,0.359008340092,0.340589602079
0.29863750457,0.294407761827,0.406954733603
0.501440723224,0.292731417927,0.205827858849
0.305126000063,0.312754792487,0.38211920745
0.303716382776,0.361582334713,0.334701282511
0.25498796315,0.341566750566,0.403445286284
0.368673523352,0.355168960981,0.276157515668
0.271067852276,0.33257365446,0.396358493264
0.335362155806,0.356035616991,0.308602227204
0.405531291827,0.327597913708,0.266870794465
0.399261327795,0.332465171516,0.268273500688
0.349255732459,0.343336565998,0.307407701544
0.284479969526,0.334511336709,0.381008693766
0.295603126704,0.286380420899,0.418016452397
0.319146745259,0.339438312699,0.341414942042
0.261559429608,0.349440781555,0.388999788837
0.389785027969,0.315899553343,0.294315418688
0.322536535176,0.338105174021,0.339358290803
0.314862900758,0.359357154869,0.325779944373
0.318995021498,0.348845777769,0.332159200733
0.379499210074,0.278833663777,0.341667126149
0.291180621498,0.401900862003,0.306918516499
0.339593178251,0.315663786835,0.344743034914
0.32243453686,0.338093532561,0.339471930579
0.405271553442,0.311278975193,0.283449471365
0.394233080661,0.262314538844,0.343452380495
0.263364136085,0.406956473477,0.329679390438
0.359601393161,0.295899138302,0.344499468537
0.328620061953,0.282238258345,0.389141679703
0.375978189435,0.30351559019,0.320506220375
0.364875782254,0.305027902967,0.330096314778
0.34361620597,0.290330037752,0.366053756279
0.302689984609,0.380575624995,0.316734390396
0.298006602222,0.372227928086,0.329765469692
0.369143648192,0.384352163041,0.246504188767
0.324574432019,0.321145715514,0.354279852467
0.318255525095,0.339105140525,0.34263933438
0.240300261433,0.291298159063,0.468401579504
0.246665762054,0.270896526175,0.482437711771
0.416445290886,0.319996096826,0.263558612288
0.3714048929,0.278446193092,0.350148914008
0.35780693275,0.271416795959,0.370776271291
0.37222325837,0.28216678889,0.34560995274
0.281026356134,0.263295328134,0.455678315732
0.221576610376,0.405531087476,0.372892302148
0.24958840152,0.368425878356,0.381985720124
0.405465965946,0.319223799389,0.275310234664
0.375646511166,0.316622100445,0.307731388389
0.367068588382,0.316058185527,0.316873226091
0.310561737217,0.372540900609,0.316897362174
0.352538900241,0.357363050856,0.290098048903
0.377067576373,0.295048201742,0.327884221885
0.307073764482,0.342830354716,0.350095880802
0.366429401013,0.342517783895,0.291052815093
0.347642911362,0.309000178347,0.343356910291
0.336169819694,0.342172424712,0.321657755594
0.464148503797,0.264618256623,0.27123323958
0.402045358373,0.271092169201,0.326862472426
0.296597322272,0.438169042508,0.265233635221
0.305027361861,0.399307352343,0.295665285796
0.241592294163,0.376756250277,0.38165145556
