0.179892985027,0.243081805647,0.577025209326
0.321827031721,0.403250691345,0.274922276934
0.20083953813,0.282115136877,0.517045324993
0.519201611521,0.24291886182,0.237879526659
0.251839520764,0.198541381464,0.549619097772
0.419976322408,0.298564796249,0.281458881343
0.185471372604,0.285270432665,0.529258194732
0.444264284946,0.239593695314,0.316142019739
0.243217029601,0.41379843447,0.342984535928
0.298957726387,0.298244268324,0.402798005289
0.305772750455,0.42591246647,0.268314783075
0.249840547186,0.444853613782,0.305305839031
0.312105471664,0.23422344045,0.453671087886
0.436916519898,0.293131204685,0.269952275417
0.228181682617,0.282212530767,0.489605786615
0.238402979729,0.429996470708,0.331600549563
0.170011523261,0.49231179585,0.33767668089
0.205401688047,0.353677383366,0.440920928586
0.322543849126,0.375227350144,0.302228800729
0.398171887888,0.332682193993,0.269145918119
0.333333333333,0.333333333333,0.333333333333
0.4037700468,0.326882666855,0.269347286345
0.380513046585,0.328464836658,0.291022116756
0.19280740821,0.364454854721,0.442737737069
0.27526084002,0.417506558096,0.307232601884
0.210728916605,0.230042462702,0.559228620692
0.272048129454,0.282987083953,0.444964786594
0.324563947064,0.214374581581,0.461061471355
0.421543768579,0.312147915494,0.266308315927
0.396895335343,0.316889867634,0.286214797023
0.308677035265,0.402665099438,0.288657865297
0.317613965874,0.338106361747,0.34427967238
0.300941595816,0.32394625822,0.375112145965
0.31045992049,0.400645976718,0.288894102792
0.314835206858,0.3587981621,0.326366631042
0.280785189024,0.386746453705,0.332468357271
0.239263141575,0.409484652718,0.351252205706
0.502359967159,0.296645176863,0.200994855978
0.295883168212,0.347345803971,0.356771027817
0.178904833106,0.35106259857,0.470032568324
0.257685912102,0.4819407775,0.260373310398
0.402319353233,0.277049789214,0.320630857552
0.342987751358,0.313341929805,0.343670318837
0.177739957289,0.266880396053,0.555379646658
0.345817380701,0.311335367811,0.342847251488
0.404842128287,0.253372685368,0.341785186345
0.469291888541,0.243905074592,0.286803036867
0.389169896715,0.327180266584,0.283649836701
0.189841933234,0.36015467046,0.450003396305
0.159101883502,0.218477776041,0.622420340457
0.334573960613,0.244518399103,0.420907640284
0.220080151183,0.282626149985,0.497293698832
0.188020241358,0.354881091089,0.457098667553
0.188985570257,0.348699609102,0.462314820642
0.31186146885,0.395468798109,0.292669733041
0.302526346657,0.367510657751,0.329962995591
0.358250535356,0.319041485844,0.3227079788
0.279827780141,0.343942320462,0.376229899397
0.331730138126,0.410915499712,0.257354362161
0.268506913824,0.421629965951,0.309863120225
0.262705240429,0.247477621042,0.489817138529
0.474354486518,0.212468211359,0.313177302123
0.405055735433,0.296479148009,0.298465116558
0.281596221568,0.28280324258,0.435600535853
0.204341595416,0.361489417317,0.434168987267
0.275060165456,0.321360081309,0.403579753235
0.344807784147,0.330413022177,0.324779193676
0.243666700644,0.325407449357,0.430925849999
0.330956697663,0.402415135248,0.266628167089
0.268208335068,0.379366665175,0.352424999757
0.177852209814,0.337223293492,0.484924496694
0.443610778351,0.285974338462,0.270414883186
0.467778448938,0.292575911091,0.239645639971
0.220816357193,0.355231700403,0.423951942404
0.402952586286,0.342567660784,0.25447975293
0.373796198918,0.30137761184,0.324826189243
0.580610005194,0.18556248685,0.233827507957
0.436715856476,0.245655067178,0.317629076347
0.406880414982,0.275463070218,0.317656514801
0.221682820708,0.344650876447,0.433666302845
0.254184220585,0.25204666064,0.493769118776
0.234817538058,0.358127748202,0.40705471374
0.332724050607,0.263176027963,0.40409992143
0.246262764183,0.436425705681,0.317311530136
0.355566278313,0.322673139639,0.321760582048
0.342214557202,0.270063682853,0.387721759944
0.36237556842,0.319871605117,0.317752826463
0.239914112936,0.323467818571,0.436618068493
0.346894860438,0.380277812759,0.272827326804
0.339844452006,0.339740363807,0.320415184187
0.268353936131,0.397986050428,0.333660013441
0.398678486748,0.338552758561,0.262768754691
0.321766172525,0.305417407992,0.372816419483
0.266654065971,0.337833742077,0.395512191952
0.306350372653,0.319137924362,0.374511702985
0.338992991019,0.324182323293,0.336824685687
0.462451097977,0.257717123721,0.279831778302
0.326501989464,0.342098479205,0.331399531331
0.288365449539,0.353049565162,0.358584985299
0.257694336936,0.265727082017,0.476578581047
0.353832063624,0.325141385908,0.321026550468
0.581133826349,0.224242040628,0.194624133023
0.295524650255,0.337040920913,0.367434428832
0.30719675258,0.348707805947,0.344095441472
0.406787858558,0.29104170696,0.302170434482
0.229993329364,0.309947195482,0.460059475154
0.251342882721,0.392613308747,0.356043808532
0.377190019587,0.30231192138,0.320498059034
0.345569601518,0.354650372387,0.299780026095
0.469491087179,0.238294256801,0.29221465602
0.414790326353,0.260222318264,0.324987355382
0.337571583102,0.359469982552,0.302958434346
0.364503720048,0.349504690903,0.28599158905
0.294594030111,0.35739071637,0.34801525352
0.285206723619,0.365052753842,0.349740522538
0.396260833051,0.281518592468,0.322220574481
0.339946224706,0.238850750871,0.421203024423
0.429033368695,0.361950576822,0.209016054484
0.682554746066,0.145198519767,0.172246734167
0.376176910343,0.278861737824,0.344961351833
0.251501830262,0.262415593172,0.486082576565
0.503894844409,0.245615028931,0.25049012666
0.416308397544,0.290416300855,0.293275301601
0.38972805176,0.358901042514,0.251370905726
0.347165881018,0.293253180214,0.359580938768
0.208598533839,0.255023308895,0.536378157266
0.316609353783,0.289106572103,0.394284074114
0.263939390629,0.379331147595,0.356729461776
0.366491018253,0.343520294027,0.289988687721
0.222995712939,0.396151542289,0.380852744772
0.254726226761,0.326662422919,0.41861135032
0.237677272556,0.35197657097,0.410346156474
0.27497900156,0.400280784188,0.324740214252
0.372584891197,0.324695291194,0.302719817609
0.223359330116,0.299378897529,0.477261772354
0.190962417162,0.391490783685,0.417546799153
0.411370696705,0.313847051897,0.274782251397
0.211584888051,0.406791019463,0.381624092486
0.23893696396,0.397196665343,0.363866370697
0.248819235084,0.404928906138,0.346251858779
0.254213011375,0.387554429984,0.358232558641
0.176411520218,0.331416715749,0.492171764032
0.417799028928,0.272998724261,0.309202246811
0.227794582803,0.371311490253,0.400893926944
0.380075271142,0.368247315825,0.251677413032
0.188013280854,0.326063514039,0.485923205107
0.332697373306,0.293270971495,0.374031655198
0.361983595281,0.34049649355,0.29751991117
0.348456819758,0.37263256759,0.278910612652
0.392560001024,0.30447916639,0.302960832587
0.340715765194,0.325505058274,0.333779176532
0.33142772829,0.285925953272,0.382646318438
0.419345545268,0.295621213031,0.285033241701
0.293577486992,0.376515235239,0.329907277769
0.446104450331,0.263184936532,0.290710613138
0.297172760276,0.326719267369,0.376107972355
0.186555513765,0.226201747389,0.587242738846
0.472951117393,0.190530089136,0.336518793471
0.248919004693,0.265494118387,0.485586876921
0.665118561452,0.155569145031,0.179312293517
0.171427924528,0.53130150582,0.297270569651
0.188276745044,0.414055012679,0.397668242277
0.159064845095,0.287579720368,0.553355434537
0.147265632152,0.240695176703,0.612039191145
0.287007138679,0.384902113915,0.328090747406
0.259103389917,0.321039576367,0.419857033716
0.500286587304,0.257864075892,0.241849336804
0.337495711624,0.34610827313,0.316396015246
0.242274829918,0.321688847732,0.43603632235
0.24716237658,0.315230622952,0.437607000468
0.439700990897,0.288348770914,0.271950238189
0.240975206257,0.348564107445,0.410460686298
0.458940199891,0.28775358816,0.253306211949
0.385474476231,0.319823856609,0.29470166716
0.302249523814,0.387986684962,0.309763791224
0.285948861421,0.367994864769,0.34605627381
0.323743929315,0.312758408373,0.363497662312
0.293537984605,0.261689397283,0.444772618112
0.254456156028,0.426026217061,0.319517626911
0.357081027743,0.280736463072,0.362182509186
0.235704227828,0.351477891164,0.412817881008
0.396514082003,0.351292602115,0.252193315883
0.322889522577,0.364140130658,0.312970346765
0.31665758875,0.271210625733,0.412131785518
0.439971555458,0.29827629667,0.261752147872
0.241820142617,0.346303632145,0.411876225238
0.286783505447,0.324118402619,0.389098091934
0.440421599721,0.319555257013,0.240023143266
0.179975857424,0.269062676393,0.550961466183
0.270076700973,0.357596043836,0.37232725519
0.209147628779,0.336340367009,0.454512004211
0.160381592606,0.296615213357,0.543003194037
0.382055550722,0.358652665282,0.259291783996
0.413050647699,0.213038424946,0.373910927355
0.25755165088,0.301263950349,0.441184398772
0.417380651685,0.28978251149,0.292836836825
0.330676538253,0.260587203005,0.408736258742
0.534338425197,0.248994986059,0.216666588744
0.264722187101,0.396465193741,0.338812619158
0.242315964262,0.404990566888,0.35269346885
0.292828117676,0.445163881882,0.262008000442
0.249683097964,0.3995781922,0.350738709836
0.660771753888,0.201579804379,0.137648441732
0.270354096473,0.358169017009,0.371476886518
0.280934524908,0.298356665707,0.420708809385
0.376549663634,0.363339979666,0.2601103567
0.241554799626,0.276666973213,0.481778227161
0.304569869823,0.414688648678,0.280741481499
0.275111084648,0.426148722667,0.298740192686
0.154526036771,0.287874892261,0.557599070968
0.250547661524,0.313883714807,0.435568623668
0.264861217554,0.367576159154,0.367562623292
0.371018329429,0.281828521334,0.347153149237
0.184087917919,0.285119009687,0.530793072394
0.394621315318,0.258675790987,0.346702893695
0.312794979656,0.311996236173,0.375208784171
0.560874119275,0.221485353303,0.217640527422
0.332211203868,0.288253105507,0.379535690625
0.376664571245,0.288054493892,0.335280934863
0.414282896821,0.339902559149,0.24581454403
0.298187893912,0.314529632959,0.38728247313
0.267627190922,0.363925980873,0.368446828205
0.298048109755,0.297059447507,0.404892442737
0.262152086109,0.38383400981,0.354013904081
0.434783083177,0.272842662419,0.292374254404
0.503012803098,0.230943834244,0.266043362658
0.179914327474,0.20574812048,0.614337552046
0.342922433815,0.299368103988,0.357709462197
0.313112650379,0.367335264336,0.319552085285
0.391862845658,0.277938359307,0.330198795036
0.320223169393,0.410038241161,0.269738589446
0.212884691969,0.332746415548,0.454368892483
0.370708617708,0.403554428773,0.22573695352
0.354226566539,0.236548691106,0.409224742355
0.371267034341,0.305327992462,0.323404973197
0.391896383774,0.292284337214,0.315819279012
0.437504225753,0.304497017955,0.257998756293
0.340877741133,0.287598991428,0.371523267439
0.282598391818,0.296090023521,0.421311584661
0.330467020318,0.310775631557,0.358757348125
0.303782483404,0.346676053407,0.349541463189
0.378519916787,0.339425556552,0.282054526661
0.338334299676,0.286951601513,0.374714098811
0.328817993413,0.369018890621,0.302163115965
0.322612422542,0.358563590093,0.318823987365
0.389716646054,0.330200673327,0.280082680619
0.252646123872,0.443401999169,0.303951876959
0.326593531905,0.301247871862,0.372158596232
0.235768469798,0.321879922882,0.44235160732
0.278967884549,0.398747918238,0.322284197213
0.271073982346,0.31686480677,0.412061210884
0.265811000005,0.361131382172,0.373057617823
0.312343872144,0.325583251621,0.362072876236
0.210243694201,0.292102036615,0.497654269184
0.42103928376,0.31306873652,0.26589197972
0.292829667545,0.392139333994,0.315030998461
0.186778960895,0.279782546011,0.533438493095
0.400480908666,0.276430097473,0.323088993861
0.362258511412,0.323095282385,0.314646206203
0.498830028309,0.249698086608,0.251471885083
0.198582182181,0.310178109383,0.491239708435
0.346830224669,0.344199468689,0.308970306642
0.481857473221,0.267836318584,0.250306208195
0.431569682431,0.257285538221,0.311144779347
0.38243900896,0.282834995008,0.334725996032
0.356725225959,0.332923487126,0.310351286914
0.186314468067,0.278756778827,0.534928753106
0.276893023151,0.380586276598,0.342520700251
0.291356597388,0.30346327198,0.405180130632
0.343247204498,0.340966288604,0.315786506898
0.307816002396,0.355243624472,0.336940373132
0.302214179569,0.352441604594,0.345344215837
0.299316995582,0.413153899026,0.287529105391
0.186234119295,0.272881033765,0.54088484694
0.214406982019,0.267977250013,0.517615767968
0.238921874079,0.295703879519,0.465374246401
0.181455832465,0.320016668215,0.49852749932
0.304366239946,0.377190254465,0.318443505589
0.301882100393,0.3109668588,0.387151040807
0.259738512261,0.380305355005,0.359956132734
0.326115164597,0.335121396809,0.338763438594
0.420688301408,0.311811444621,0.267500253971
0.33707557084,0.376968384158,0.285956045002
0.243932287433,0.349601435334,0.406466277233
0.276066360526,0.384157589146,0.339776050328
0.38117406807,0.33366767351,0.285158258419
0.467454509758,0.272419989471,0.26012550077
0.208709326335,0.342780113067,0.448510560598
0.305602488464,0.335757619974,0.358639891562
0.321700114957,0.375448406625,0.302851478418
0.401715173681,0.322817346335,0.275467479983
0.294208526089,0.387299214185,0.318492259726
0.228297725431,0.455639231547,0.316063043023
0.207081186621,0.27894373821,0.513975075169
0.211836632322,0.295970731716,0.492192635962
0.450395457041,0.305219845242,0.244384697717
0.390472227586,0.324920283349,0.284607489064
0.289714146694,0.341727223031,0.368558630275
0.256175933199,0.285648893217,0.458175173584
0.321690612882,0.320522575513,0.357786811605
0.527451297815,0.260402815055,0.21214588713
0.295877663239,0.320456710315,0.383665626446
0.265606994703,0.328438133054,0.405954872243
0.267667663618,0.435168125949,0.297164210433
0.22293887522,0.454487374676,0.322573750103
0.4769102115,0.216145813165,0.306943975335
0.555066642391,0.219639245556,0.225294112053
0.556214835465,0.219113409668,0.224671754866
0.399210843848,0.279445258734,0.321343897418
0.475689091656,0.235261899683,0.289049008661
0.434733242352,0.285443202376,0.279823555273
0.441690877456,0.285893686766,0.272415435779
0.446985517872,0.223238787367,0.329775694761
0.149844827631,0.614680162319,0.23547501005
0.256304638672,0.399664336831,0.344031024497
0.246036220312,0.33628783739,0.417675942298
0.314270095319,0.388223945586,0.297505959096
0.26040549957,0.384515479003,0.355079021427
0.235293656818,0.383184183441,0.381522159742
0.378948074709,0.294234373732,0.326817551558
0.424105192665,0.264836697165,0.31105811017
0.272179762218,0.39137325235,0.336446985433
0.200657034581,0.318982807665,0.480360157754
0.328650648996,0.307673911355,0.363675439649
0.288407190861,0.36705187616,0.344540932978
0.200791054113,0.313254775374,0.485954170512
0.443286259402,0.266999616226,0.289714124372
0.405579675016,0.32919300743,0.265227317555
0.167406589667,0.480864453042,0.351728957291
0.356372649132,0.297132056642,0.346495294226
0.269276308698,0.427905961915,0.302817729387
0.288614203865,0.346939060403,0.364446735732
0.404442588151,0.328276086538,0.267281325311
0.327686724854,0.328583563952,0.343729711193
0.382861246566,0.305846979208,0.311291774226
0.278608614086,0.345315563567,0.376075822347
0.450871129835,0.332920795246,0.216208074919
0.470366864416,0.270672174463,0.25896096112
0.29537977964,0.317793372155,0.386826848205
0.228108551509,0.290319244805,0.481572203686
0.430196356106,0.30544920567,0.264354438225
0.213778549265,0.353365567831,0.432855882904
0.306457780086,0.428131817376,0.265410402538
0.265250116339,0.347943183246,0.386806700415
0.299198124385,0.312507372513,0.388294503102
0.412306661825,0.330506913375,0.2571864248
0.472899531428,0.252019275287,0.275081193285
0.370119229952,0.33477651862,0.295104251428
0.461999872615,0.2614751696,0.276524957785
0.3071664631,0.338999702169,0.353833834731
0.410558611522,0.325645768943,0.263795619536
0.204597592587,0.377592174718,0.417810232696
0.441141723936,0.302168533434,0.25668974263
0.476896714154,0.303950676409,0.219152609437
0.264291419813,0.289051902747,0.44665667744
0.486625764863,0.228880877208,0.284493357929
0.237796988705,0.280165644761,0.482037366535
0.254216637936,0.338411620483,0.407371741581
0.274120296634,0.282301059261,0.443578644105
0.310708214205,0.310654413715,0.37863737208
0.514760477476,0.23912939891,0.246110123614
0.330925593372,0.257431587537,0.411642819091
0.311092481348,0.320543682711,0.368363835941
0.218679701469,0.237341451413,0.543978847119
0.367104636262,0.355399486172,0.277495877566
0.253867860796,0.280442266562,0.465689872642
0.340001631082,0.301430808384,0.358567560535
0.615803468934,0.213562323903,0.170634207164
0.392815753817,0.334223590988,0.272960655195
0.438817581799,0.262294488031,0.29888793017
0.313176846303,0.370641896518,0.31618125718
0.286561006356,0.304281402108,0.409157591536
0.316562302691,0.337254364552,0.346183332757
0.28088496369,0.398071068688,0.321043967622
0.302332451188,0.372716649029,0.324950899783
0.23708195892,0.230075474271,0.532842566809
0.154910551481,0.341356273271,0.503733175247
0.223859632282,0.360745485642,0.415394882076
0.200972237873,0.392310737303,0.406717024824
0.249216774912,0.392253703985,0.358529521103
0.249380952066,0.281493756237,0.469125291697
0.281366256874,0.306907639552,0.411726103574
0.326820831838,0.328753627716,0.344425540446
0.161029213944,0.270805909089,0.568164876967
0.360159805975,0.360632235586,0.279207958439
0.234309680807,0.353169406415,0.412520912778
0.388309627989,0.254342553873,0.357347818137
0.187115855706,0.28314343398,0.529740710314
0.368627031659,0.3029195424,0.328453425941
0.281226456355,0.337522261286,0.381251282359
0.392243358022,0.317227201301,0.290529440677
0.325790068474,0.303623807614,0.370586123912
0.349269765658,0.400258018757,0.250472215585
0.349852159648,0.306954291273,0.343193549079
0.395197194203,0.270440611733,0.334362194064
0.332086253426,0.336386402213,0.331527344361
0.308081396403,0.244540592267,0.447378011331
0.323109936689,0.385237544538,0.291652518773
0.250337373161,0.405177583224,0.344485043615
0.3370825627,0.36836461092,0.294552826379
0.39740830773,0.314243253994,0.288348438276
0.402127563552,0.243877933505,0.353994502943
0.314055350603,0.358610226034,0.327334423363
0.371908233061,0.298653210885,0.329438556054
0.244205800621,0.375055291831,0.380738907548
0.32373695745,0.272695098597,0.403567943953
0.327841811834,0.339751285305,0.332406902862
0.337586069364,0.257243865983,0.405170064652
0.360166500229,0.339124933514,0.300708566257
0.356272136307,0.333567414428,0.310160449266
0.447630151337,0.395090035197,0.157279813465
0.366696126762,0.296075406151,0.337228467086
0.330269587588,0.301038205581,0.368692206831
0.286984527111,0.336167441267,0.376848031622
0.517597460707,0.254626973193,0.2277755661
0.356555802408,0.320390650948,0.323053546644
0.354556382957,0.303535687205,0.341907929838
0.436703222505,0.289956513324,0.27334026417
0.162001081264,0.287994274436,0.5500046443
0.311098338874,0.279589792052,0.409311869074
0.253346517439,0.347955729839,0.398697752722
0.207168333046,0.391110558823,0.40172110813
0.44539549098,0.326879830893,0.227724678126
0.269147132225,0.414503263308,0.316349604468
0.420459025519,0.268369674944,0.311171299536
0.375039904541,0.282622903286,0.342337192173
0.289256774577,0.217627238348,0.493115987074
0.281600683423,0.288407923446,0.429991393131
0.293294953768,0.333345415559,0.373359630673
0.261477096815,0.43383043089,0.304692472296
0.316445575194,0.306590456775,0.376963968031
0.331536817707,0.339167940436,0.329295241857
0.341800338463,0.361392706613,0.296806954924
0.264463021965,0.337931853664,0.397605124371
0.281196155862,0.288449793833,0.430354050306
0.338333031904,0.34510631155,0.316560656546
0.376667777694,0.363795324652,0.259536897655
0.267599466506,0.341512664711,0.390887868783
0.473761303538,0.246700114656,0.279538581805
0.288067547401,0.379365075515,0.332567377084
0.407912051282,0.314779415722,0.277308532996
0.252267013365,0.318218112857,0.429514873778
0.337669817095,0.38461457156,0.277715611345
0.253015175154,0.401704244818,0.345280580028
0.361668350738,0.283092208625,0.355239440637
0.326377447325,0.335964146229,0.337658406446
0.264816300341,0.437808137314,0.297375562346
0.246406430181,0.31352406698,0.44006950284
0.363219034151,0.400680329382,0.236100636468
0.335773347197,0.342796370777,0.321430282026
0.268299980691,0.405399818925,0.326300200384
0.28152646717,0.384526284291,0.333947248539
0.381392057758,0.346511172409,0.272096769833
0.386123664769,0.370467816973,0.243408518258
0.301535860063,0.305660204909,0.392803935028
0.469241090335,0.294105172531,0.236653737134
0.409298511242,0.29536760315,0.295333885608
0.404197852787,0.294050877701,0.301751269512
0.182075625843,0.284923419731,0.533000954426
0.190043230887,0.351209518798,0.458747250315
0.205326380911,0.417617103235,0.377056515854
0.250827355711,0.300860475298,0.448312168992
0.202024868101,0.360207451392,0.437767680507
0.226105085051,0.4360516291,0.337843285848
0.300331703507,0.301765809923,0.397902486569
0.3257477357,0.175605183057,0.498647081243
0.280170224023,0.420220779476,0.299608996501
0.461689943893,0.318460935185,0.219849120922
0.186308214922,0.440663062177,0.373028722901
0.39794820581,0.321244049889,0.280807744301
0.381708842427,0.314663107378,0.303628050195
0.230732443149,0.313049259972,0.456218296879
0.436679312013,0.300272462842,0.263048225144
0.289972870208,0.38725828903,0.322768840761
0.261467438879,0.449106057437,0.289426503684
0.506119771326,0.279805248516,0.214074980157
0.418053438271,0.282026751023,0.299919810706
0.36267633046,0.373062224726,0.264261444814
0.406680837204,0.305581734338,0.287737428458
0.354421160088,0.349755341392,0.29582349852
0.37595418634,0.34303013392,0.28101567974
0.478582731892,0.277074090227,0.244343177881
0.208991841389,0.307304540642,0.483703617969
0.230641735274,0.316248384424,0.453109880302
0.21438899449,0.352704300112,0.432906705398
0.288624306046,0.280876441041,0.430499252913
0.256048138996,0.362507094128,0.381444766876
0.30046364365,0.302398684043,0.397137672307
0.265339534845,0.332456944406,0.40220352075
0.273049307313,0.367375751784,0.359574940903
0.402345916965,0.266180606536,0.331473476499
0.277818122567,0.307653647061,0.414528230372
0.217123809105,0.402506221456,0.380369969439
0.371031054433,0.343806449772,0.285162495795
0.253196207066,0.365665742061,0.381138050874
0.241946216204,0.398480398436,0.359573385361
0.217121024618,0.34352205673,0.439356918652
0.238134667915,0.276070693722,0.485794638363
0.287188089148,0.370885038579,0.341926872273
0.230178821821,0.264066993344,0.505754184835
0.293357010692,0.351449518401,0.355193470907
0.295153241975,0.330933148437,0.373913609588
0.327129377008,0.305496950219,0.367373672773
0.148189803359,0.256464160388,0.595346036253
0.460138846816,0.287130914865,0.252730238319
0.408167550972,0.312715970382,0.279116478647
0.370645171582,0.330679834473,0.298674993945
0.277230110644,0.363776339465,0.358993549892
0.30526812462,0.363030834468,0.331701040912
0.47765511369,0.266162713154,0.256182173156
0.442349563172,0.280671632439,0.276978804389
0.406011951574,0.311917582427,0.282070465999
0.46353912886,0.257562896251,0.278897974889
0.44242226321,0.313717351457,0.243860385332
0.29464856061,0.357328288226,0.348023151164
0.392114925531,0.273142400955,0.334742673514
0.260125575654,0.431370591468,0.308503832878
0.484798500361,0.271568731584,0.243632768054
0.368368873901,0.328393100231,0.303238025868
0.375651441179,0.347063589452,0.277284969369
0.297943742088,0.424123093581,0.277933164331
0.466191882338,0.315973477077,0.217834640584
0.340207251213,0.378025628987,0.281767119799
0.240211023613,0.448656243125,0.311132733261
0.255182701561,0.330907732801,0.413909565638
0.488080574881,0.261059251911,0.250860173208
0.26023501775,0.389316088111,0.350448894138
0.386108755357,0.299766480292,0.314124764351
0.48776050588,0.286328278337,0.225911215783
0.272347554867,0.349726074458,0.377926370675
0.303197978462,0.325570825229,0.371231196309
0.219580645067,0.335433012928,0.444986342005
0.28037703823,0.313809641688,0.405813320082
0.415540544413,0.294197786816,0.290261668771
0.357726921756,0.328425306833,0.313847771411
0.253635479859,0.319962454925,0.426402065216
0.270813364454,0.37720018783,0.351986447717
0.228002100151,0.318277425054,0.453720474795
0.173840877257,0.310381710494,0.515777412249
0.344835466789,0.256709543925,0.398454989286
0.245766541073,0.336074414519,0.418159044408
0.17198817099,0.35235112841,0.4756607006
0.296843411902,0.322338492022,0.380818096076
0.408823072166,0.325625558293,0.265551369542
0.315548120741,0.310046917022,0.374404962237
0.224685111532,0.307174791875,0.468140096593
0.436753761765,0.282548949025,0.280697289211
0.252821991845,0.355782927673,0.391395080482
0.25988423255,0.358742784958,0.381372982492
0.189215099699,0.478739199606,0.332045700695
0.220867130269,0.453975461497,0.325157408234
0.279371765847,0.437920838621,0.282707395531
0.336640634445,0.279661463057,0.383697902498
0.267925778861,0.439951373278,0.29212284786
0.286728768891,0.361010399734,0.352260831374
0.297905571745,0.427302338816,0.274792089439
0.31124629256,0.38679000512,0.301963702321
0.314256729027,0.343730426421,0.342012844551
0.280843941874,0.33152020672,0.387635851406
0.274109128915,0.385285943495,0.34060492759
0.492831994508,0.242989482772,0.26417852272
0.327158354557,0.303503352319,0.369338293125
0.339243579775,0.333448372754,0.327308047471
0.368515984254,0.302774187221,0.328709828525
0.400194019708,0.199510274638,0.400295705654
0.350213803878,0.293713795437,0.356072400685
0.410668576714,0.309887677264,0.279443746023
0.358072394356,0.336426398535,0.305501207109
0.356096512403,0.36518791677,0.278715570826
0.356402293008,0.359180737145,0.284416969847
0.441023136592,0.29567708923,0.263299774177
0.28955525153,0.370234612938,0.340210135532
0.376278778716,0.340073211388,0.283648009896
0.400085594867,0.277044840101,0.322869565032
0.333305962191,0.331221475683,0.335472562126
0.366460533546,0.369363295126,0.264176171327
0.399317031194,0.347381516913,0.253301451893
0.2472353482,0.321025662088,0.431738989712
0.286228174174,0.262650420624,0.451121405202
0.277105384178,0.232062186788,0.490832429034
0.419788980626,0.260418466825,0.319792552549
0.35281717351,0.269420120982,0.377762705508
0.322943244517,0.234706473522,0.44235028196
0.334987873,0.286657765256,0.378354361745
0.108402631079,0.193072082004,0.698525286916
0.408675731161,0.277139273591,0.314184995248
0.279578085552,0.299016240643,0.421405673805
0.293747045273,0.379304171328,0.326948783399
0.275125227538,0.311131509796,0.413743262666
0.332565626993,0.290563821192,0.376870551815
0.354730714356,0.284118915649,0.361150369995
0.408471610472,0.317958970659,0.273569418869
0.211635834456,0.374867762051,0.413496403493
0.199502216609,0.302719845822,0.497777937569
0.433417302153,0.342948716838,0.223633981009
0.160958781518,0.271217450935,0.567823767547
0.214068823944,0.387939712121,0.397991463935
0.403809304139,0.294545374026,0.301645321834
0.463004666993,0.293315261623,0.243680071385
0.287378628396,0.335068965119,0.377552406486
0.32832128906,0.231059714771,0.440618996169
0.4574745465,0.276253332803,0.266272120697
0.363930130171,0.342844464333,0.293225405496
0.227866657169,0.482677949131,0.2894553937
0.225477687903,0.431287989112,0.343234322985
0.202236179501,0.305678559696,0.492085260803
0.219291670423,0.31701841881,0.463689910767
0.240490453632,0.354894827899,0.404614718468
0.176205457644,0.334522376971,0.489272165384
0.244193241718,0.26869861309,0.487108145192
0.44134823273,0.221122958827,0.337528808442
0.310307683673,0.379411272972,0.310281043355
0.345086940663,0.303241996394,0.351671062943
0.405868038655,0.271085644371,0.323046316974
0.37830476436,0.319802795929,0.301892439711
0.208206463097,0.26207187007,0.529721666833
0.193241664458,0.252658234608,0.554100100934
0.345539450163,0.362963886097,0.29149666374
0.307002187704,0.364740249482,0.328257562814
0.427978312888,0.352208328098,0.219813359014
0.322751578243,0.350610886621,0.326637535135
0.462990239238,0.29710406716,0.239905693602
0.462756427557,0.28711778546,0.250125786983
0.171245372135,0.336101642632,0.492652985233
0.306985090833,0.399965109741,0.293049799426
0.414459969538,0.361051292851,0.224488737611
0.311644810884,0.321595640893,0.366759548223
0.597756019915,0.243111820284,0.159132159801
0.313975043672,0.394952871171,0.291072085157
0.318452875663,0.320099695926,0.36144742841
0.436952286997,0.289146452881,0.273901260122
0.427245863296,0.32008646166,0.252667675044
0.389397067484,0.339252923831,0.271350008685
0.299244761507,0.339052385343,0.36170285315
0.305935682893,0.37950875143,0.314555565677
0.328547578445,0.412407050608,0.259045370947
0.23753453085,0.334147804072,0.428317665079
0.457578994106,0.290097788573,0.252323217321
0.282852665558,0.338977739441,0.378169595002
0.357589858992,0.366585934303,0.275824206705
0.325537168745,0.292079652575,0.38238317868
0.435051413045,0.29126685092,0.273681736034
0.522717704571,0.284006331643,0.193275963786
0.530894348808,0.2346223008,0.234483350391
0.260037718597,0.330455972142,0.409506309261
0.469785643257,0.258877707709,0.271336649035
0.315142931945,0.382458722948,0.302398345107
0.352077818946,0.422602416637,0.225319764416
0.327955832012,0.327073248659,0.344970919329
0.321926853418,0.290089452373,0.387983694209
0.276928462235,0.441910589169,0.281160948596
0.334108763517,0.249665192331,0.416226044152
0.367364746776,0.267669462944,0.36496579028
0.244222712922,0.401585548247,0.35419173883
0.286087706792,0.261797862003,0.452114431205
0.333111966846,0.377908970442,0.288979062712
0.27575185538,0.339653012813,0.384595131807
0.346490137764,0.43194942377,0.221560438466
0.0906905348876,0.474134617062,0.435174848051
0.532739729892,0.18520755995,0.282052710158
0.288104012527,0.421821657263,0.29007433021
0.247460465689,0.256485005198,0.496054529113
0.271990042879,0.508816490696,0.219193466425
0.401586912463,0.311010902796,0.287402184742
0.394717093458,0.356863856037,0.248419050505
0.448601965306,0.262602368012,0.288795666682
0.335557692692,0.324821901234,0.339620406074
0.242219851734,0.323997616538,0.433782531728
0.378661875074,0.272026785328,0.349311339598
0.25513713084,0.299829684179,0.44503318498
0.341586542838,0.317054312005,0.341359145157
0.400110019749,0.278001723591,0.32188825666
0.295803443945,0.321004543268,0.383192012787
0.400192115175,0.271960662416,0.327847222409
0.446943741261,0.247026800822,0.306029457918
0.35029187154,0.297022402207,0.352685726253
0.359303535152,0.313704667481,0.326991797368
0.267507423077,0.278383598938,0.454108977985
0.27853230769,0.287125697073,0.434341995237
0.270310040981,0.362493163434,0.367196795585
0.124680333719,0.258565792477,0.616753873804
0.284500627523,0.288428419153,0.427070953325
0.347186595394,0.386314681643,0.266498722964
0.379100585821,0.28798459805,0.33291481613
0.334063825295,0.31750407945,0.348432095255
0.36303071882,0.254911526305,0.382057754875
0.42649926905,0.285476925143,0.288023805807
0.399606103525,0.348193960325,0.25219993615
0.459671466931,0.308413962001,0.231914571068
0.287421673373,0.476027317458,0.236551009169
0.370999199862,0.355775039196,0.273225760942
0.330379990158,0.417446620168,0.252173389674
0.580337153464,0.191323453737,0.2283393928
0.38683979896,0.335954861394,0.277205339646
0.212677347738,0.337779132077,0.449543520185
0.449434875719,0.278425932208,0.272139192074
0.205138595851,0.297532696865,0.497328707284
0.300505968775,0.335607686906,0.363886344319
0.518575333052,0.239133680648,0.2422909863
0.388244698052,0.360361697033,0.251393604915
0.346711779017,0.298972710363,0.35431551062
0.26662102192,0.265318485136,0.468060492944
0.27375553229,0.307269929101,0.418974538609
0.300203815635,0.364679585459,0.335116598906
0.456492771173,0.242228750886,0.301278477941
0.522060131198,0.229379244935,0.248560623867
0.427968260323,0.290049916976,0.281981822701
0.381404866884,0.338958145384,0.279636987732
0.293492553018,0.340661066764,0.365846380218
0.379699648119,0.308313388636,0.311986963245
0.35285265264,0.302218045129,0.344929302231
0.340029908664,0.37836774347,0.281602347866
0.297353047727,0.357423618368,0.345223333905
0.377627124782,0.253738465655,0.368634409563
0.358586671122,0.312684214627,0.328729114251
0.285314062161,0.288679962527,0.426005975313
0.316476980017,0.259182754767,0.424340265216
0.362815674459,0.327724612957,0.309459712585
0.219272047346,0.332428477076,0.448299475579
0.292604750043,0.277810073653,0.429585176304
0.272827923034,0.262831320742,0.464340756223
0.363585463933,0.278156020886,0.358258515181
0.460882472432,0.255461245321,0.283656282247
0.319117122911,0.356474938617,0.324407938472
0.243232628145,0.408570122742,0.348197249114
0.226227012236,0.384440689154,0.38933229861
0.507463118193,0.236206191464,0.256330690343
0.162578712477,0.27160053201,0.565820755513
0.47297884889,0.271770865519,0.255250285591
0.252553719393,0.365733248336,0.381713032272
0.311504002281,0.31369455748,0.374801440238
0.305975183253,0.326176523877,0.367848292871
0.229684168642,0.325247681023,0.445068150335
0.290260115294,0.420305571435,0.289434313271
0.423579506592,0.274701354873,0.301719138535
0.274460168582,0.395148400516,0.330391430902
0.268502751756,0.417849126349,0.313648121895
0.497132992481,0.264372695846,0.238494311674
0.437221229634,0.261596576489,0.301182193877
0.21327181794,0.260650863399,0.526077318662
0.326846182241,0.385402640378,0.287751177381
0.294281932552,0.325957780526,0.379760286922
0.311354719664,0.485667453978,0.202977826358
0.309819948115,0.249466562636,0.440713489249
0.551537279973,0.226789412605,0.221673307423
0.307607495867,0.34070902378,0.351683480352
0.39564455626,0.2795995107,0.32475593304
0.346988419302,0.34384602661,0.309165554087
0.339541287385,0.323555811686,0.336902900929
0.319708940657,0.323737645598,0.356553413746
0.396750592569,0.309066181668,0.294183225763
0.44289165626,0.269521102777,0.287587240964
0.361509870824,0.317586229824,0.320903899353
0.297277169181,0.38029916706,0.322423663758
0.394632466763,0.200061019081,0.405306514156
0.460464038194,0.279007410149,0.260528551657
0.214187576003,0.349841321205,0.435971102792
0.435236932167,0.302196942571,0.262566125262
0.369111084105,0.39153446727,0.239354448625
0.420192707456,0.298517675593,0.281289616951
0.422044997775,0.343476167503,0.234478834722
0.2761132478,0.333601316603,0.390285435596
0.44692040715,0.226374433094,0.326705159755
0.652914634872,0.166902805766,0.180182559362
0.363030289839,0.346486431031,0.290483279131
0.209576520243,0.322556585664,0.467866894093
0.419637384026,0.325881027363,0.254481588611
0.290276867148,0.317496015733,0.392227117119
0.405513080982,0.2882712479,0.306215671118
0.345989793906,0.295432524378,0.358577681716
0.290042549621,0.328989464471,0.380967985908
0.319855590292,0.391937833425,0.288206576283
0.282135890645,0.370405583309,0.347458526046
0.272051205772,0.404841007734,0.323107786494
0.251892703535,0.256874007755,0.49123328871
0.372261788617,0.333675555347,0.294062656036
0.424569670971,0.272558717933,0.302871611096
0.262943631851,0.393517445957,0.343538922192
0.296400923257,0.396069545902,0.307529530841
0.283699875739,0.375446505427,0.340853618834
0.245512811153,0.359448656254,0.395038532593
0.249166151908,0.462540470924,0.288293377168
0.316839748959,0.414073497769,0.269086753272
0.276409560561,0.417052408336,0.306538031103
0.234493306437,0.30272418524,0.462782508323
0.260200277941,0.375267344606,0.364532377454
0.247670968785,0.382055100361,0.370273930854
0.2467683597,0.385060117376,0.368171522923
0.305143454784,0.425650999753,0.269205545463
0.365345240395,0.365424535785,0.269230223821
0.237633109721,0.433307391665,0.329059498614
0.33667964155,0.441474117155,0.221846241296
0.310392485215,0.396065644654,0.293541870131
0.403231560324,0.351263788888,0.245504650789
0.229180821404,0.335622820067,0.435196358528
0.274013174962,0.312700134822,0.413286690216
0.347815640908,0.440982838483,0.211201520609
0.580850452791,0.208119819121,0.211029728088
0.339314356081,0.407457068734,0.253228575185
0.251656483739,0.339370564588,0.408972951673
0.706463103188,0.128966686867,0.164570209945
0.308923825002,0.320106816308,0.37096935869
0.405983860003,0.360528491558,0.233487648439
0.310575393222,0.318280997221,0.371143609557
0.498239725776,0.274621173961,0.227139100263
0.518708437451,0.222122113992,0.259169448557
0.380309157025,0.308122296045,0.31156854693
0.271537080198,0.416080623436,0.312382296366
0.443891671131,0.286018520513,0.270089808356
0.293713320378,0.401420104856,0.304866574767
0.368917061981,0.299035115765,0.332047822254
0.3808473892,0.334655290205,0.284497320595
0.398232084059,0.289274149876,0.312493766065
0.332493587063,0.320524504149,0.346981908789
0.208252183653,0.294833310407,0.49691450594
0.247977986264,0.361128407924,0.390893605812
0.331383522699,0.308166852637,0.360449624664
0.209696486371,0.284742095309,0.50556141832
0.242545196377,0.32917748359,0.428277320033
0.258883415291,0.340948347003,0.400168237705
0.302841071338,0.435103364236,0.262055564427
0.279036098309,0.413331581656,0.307632320035
0.26140259586,0.337115857872,0.401481546268
0.276670096942,0.328408236436,0.394921666622
0.316519087593,0.388505332921,0.294975579485
0.371840357707,0.385143025596,0.243016616697
0.25509564833,0.382584499397,0.362319852273
0.377956781389,0.33457769564,0.287465522971
0.27247984788,0.30515338065,0.42236677147
0.400826165062,0.303427789363,0.295746045575
0.410594597539,0.252556808493,0.336848593968
0.313790445598,0.273754984065,0.412454570337
0.333735669751,0.290229275695,0.376035054554
0.28949230557,0.377011215277,0.333496479153
0.300062512228,0.356329519133,0.343607968639
0.255587194584,0.258441054767,0.485971750649
0.516417372411,0.285456691931,0.198125935658
0.274291837076,0.293505010137,0.432203152787
0.291546989871,0.381430629084,0.327022381046
0.22493526374,0.320895370916,0.454169365344
0.397663904411,0.333326036198,0.269010059391
0.208849916279,0.316688450237,0.474461633485
0.336335055585,0.367430377977,0.296234566439
0.41655526196,0.320178782655,0.263265955385
0.419460538164,0.326525801256,0.25401366058
0.354615887219,0.34619228181,0.299191830971
0.245572295881,0.352145672315,0.402282031804
0.265088973014,0.273570673237,0.46134035375
0.300242616075,0.328060971728,0.371696412197
0.232477559,0.316510451202,0.451011989798
0.408619789438,0.307515627905,0.283864582657
0.329524343117,0.33232184581,0.338153811073
0.282481524911,0.383405222409,0.33411325268
0.287955203668,0.358155109804,0.353889686528
0.406706996886,0.271236297073,0.322056706042
0.283125784437,0.418463651611,0.298410563952
0.332580159375,0.319298733765,0.34812110686
0.310340269747,0.359904068338,0.329755661915
0.487656420078,0.279243543132,0.23310003679
0.459757457248,0.213953409663,0.326289133089
0.233031450267,0.408315098925,0.358653450808
0.359897361999,0.284439290279,0.355663347722
0.325247505347,0.270089884488,0.404662610165
0.39689556739,0.294652552,0.308451880609
0.404039739553,0.271147725474,0.324812534973
0.445979627195,0.253848360851,0.300172011954
0.272605616008,0.420340288278,0.307054095714
0.295060104996,0.390337765913,0.314602129091
0.377122109694,0.396508369496,0.22636952081
0.312197670592,0.320106342454,0.367695986954
0.383845887234,0.307639977139,0.308514135626
0.204930498908,0.258510360644,0.536559140448
0.204402415655,0.234005782149,0.561591802196
0.503753555129,0.307163986395,0.189082458476
0.397990740008,0.245571257055,0.356438002938
0.349889524639,0.234607683346,0.415502792015
0.378162086362,0.265076643634,0.356761270004
0.243307075965,0.228092417532,0.528600506503
0.17925398458,0.416949809653,0.403796205768
0.224713911394,0.370695982295,0.404590106312
0.446249160088,0.318976728638,0.234774111274
0.401938097031,0.306116521044,0.291945381925
0.384313472072,0.309526589067,0.306159938862
0.290632339354,0.398208642469,0.311159018177
0.347629402286,0.370001726481,0.282368871233
0.380980601452,0.278413819213,0.340605579335
0.256481156812,0.345816978576,0.397701864612
0.39185507653,0.329345553376,0.278799370094
0.325945059691,0.304297641459,0.369757298851
0.319035605025,0.333500985741,0.347463409234
0.526348580839,0.234048863813,0.239602555348
0.42137168996,0.264518700817,0.314109609223
0.290616763691,0.468255164417,0.241128071892
0.282208501127,0.416139323638,0.301652175235
0.179488045624,0.361152138424,0.459359815952
