0.27702885525272264,0.33692237417874993,0.3860487705685274
0.335925379785764,0.3515457358010312,0.3125288844132048
0.2819772215677095,0.3328871145181426,0.38513566391414794
0.37437808837445546,0.32350476793385624,0.3021171436916882
0.31053682509746405,0.3286587072543826,0.36080446764815327
0.35552436169975477,0.3271243109170775,0.31735132738316774
0.26828443918131895,0.34360035561743835,0.38811520520124265
0.34545397321120486,0.3245682959733668,0.3299777308154283
0.30574417587874614,0.3519698858235636,0.34228593829769033
0.3103128576609928,0.33282075179342574,0.3568663905455814
0.32988294085481407,0.3451225514530788,0.32499450769210714
0.3062626472812462,0.3655472133718562,0.32819013934689756
0.3441357008780101,0.31386139358435,0.34200290553763985
0.3595045597053842,0.3301138040338036,0.3103816362608123
0.2988316932464746,0.33437890398240616,0.3667894027711192
0.2731263997468611,0.36737456014722153,0.3594990401059173
0.24836645572925764,0.38526239827172226,0.3663711459990202
0.28168352902038646,0.35007405918596396,0.3682424117936495
0.3225619697334381,0.3490198704694738,0.32841815979708816
0.34523578423415846,0.3346636361131874,0.32010057965265415
0.3333333333333333,0.3333333333333333,0.3333333333333333
0.36162569859177585,0.33162793869959556,0.30674636270862865
0.3465047611473827,0.33292126570950714,0.32057397314311015
0.28582446165149333,0.3484144674879577,0.36576107086054904
0.3073931400081377,0.35186777677598796,0.34073908321587437
0.29365678828777103,0.32666954799260467,0.37967366371962435
0.30582374505894827,0.3150711864769802,0.37910506846407155
0.34253886330531363,0.3091642707140688,0.34829686598061754
0.3666490110747285,0.3275637239909018,0.3057872649343697
0.344386895631092,0.33173446346704866,0.3238786409018593
0.3280226986398087,0.3482260224545604,0.32375127890563093
0.3242923970482635,0.3293056903377436,0.34640191261399295
0.32682137343734174,0.33699381761746683,0.3361848089451914
0.3180160465232313,0.3559383874787947,0.326045565997974
0.3231022612035178,0.3420639630399627,0.3348337757565194
0.3167983987412131,0.349318851173636,0.333882750085151
0.3032942088497867,0.35679326701522196,0.33991252413499135
0.3896844069792111,0.33135641516398123,0.2789591778568077
0.31525499361009235,0.337654383909663,0.34709062248024464
0.3016939745643995,0.3430001111275726,0.3553059143080279
0.3100112129632805,0.3623270219818337,0.3276617650548858
0.346174914063378,0.32500417500238504,0.32882091093423693
0.35103598525428414,0.32746461556070533,0.3214993991850105
0.2958207990350542,0.3427692203019769,0.36140998066296887
0.3329699940062722,0.3276638686587069,0.33936613733502086
0.35198394286753215,0.3231840177381853,0.32483203939428257
0.3479215879693989,0.3294293568042039,0.3226490552263972
0.348875261351623,0.34535503951587715,0.3057696991324999
0.28668452698389824,0.3541381550295738,0.3591773179865279
0.2576603413251962,0.3196729043698235,0.42266675430498024
0.3350928580956689,0.3252922704195222,0.33961487148480884
0.29577285642593204,0.33872052541273984,0.36550661816132823
0.27589486101047866,0.34962235892484084,0.3744827800646805
0.28474813922227626,0.35235306840956815,0.36289879236815553
0.3352071422894418,0.34936652244235133,0.31542633526820674
0.31792663825069706,0.34383187051698355,0.33824149123231945
0.34029357844593927,0.33439741550529417,0.3253090060487666
0.31232807412416996,0.3333780867115844,0.35429383916424567
0.34585573562186134,0.34731646678672157,0.30682779759141704
0.3155791167237806,0.3491625555165755,0.3352583277596438
0.3018806008785479,0.3171343435898211,0.380985055531631
0.3776536161707159,0.29553619450440477,0.3268101893248793
0.3424474211377018,0.3314327678261349,0.3261198110361634
0.3131661311295421,0.3266518655757414,0.36018200329471645
0.2991634434563805,0.34525543383754353,0.35558112270607595
0.3117783734151588,0.3326510396692862,0.35557058691555493
0.33606918986058215,0.33775950517633907,0.3261713049630788
0.3020422528475177,0.3349234712527135,0.3630342758997688
0.32523687973235477,0.37126359404271697,0.3034995262249283
0.30958906459860824,0.34289173253238847,0.3475192028690033
0.2977441305095855,0.3384808497751679,0.3637750197152465
0.3662219033779935,0.3192179101554262,0.3145601864665803
0.3694643478225348,0.3289381130428677,0.3015975391345976
0.28852277438496887,0.34439662864542486,0.36708059696960615
0.35285957513298355,0.3363387466792925,0.310801678187724
0.35311737508432645,0.32713449073347095,0.31974813418220266
0.3942261388365413,0.30401973562389384,0.3017541255395648
0.3651013798862928,0.3145012384342892,0.32039738167941806
0.3412076400857158,0.3317220837045864,0.3270702762096978
0.28006228633270586,0.3473093098483435,0.3726284038189507
0.29995645728619585,0.3236000956100995,0.3764434471037047
0.28527925780801694,0.3503358599202507,0.3643848822717324
0.3122055322163647,0.3249824651517252,0.36281200263191005
0.30796126316137656,0.3553583527396792,0.33668038409894424
0.3396596945543449,0.3359197844065567,0.32442052103909835
0.3290900861664453,0.3240577325251134,0.3468521813084412
0.34164578388118355,0.3307257259093238,0.32762849020949264
0.297630540494395,0.3319723451688179,0.37039711433678707
0.3427368268112139,0.34157673531783744,0.3156864378709487
0.33898453981716786,0.33554512194845304,0.32547033823437904
0.3159566393724192,0.34996023483253635,0.33408312579504457
0.3490539735086942,0.3390068805255522,0.31193914596575356
0.3168739077953051,0.33369295093955564,0.34943314126513925
0.32049078716469415,0.339855443875792,0.3396537689595139
0.3281246948178837,0.33438032948588087,0.33749497569623543
0.3368786457674083,0.3348772297937151,0.3282441244388767
0.3571096433891447,0.32336037696018943,0.3195299796506657
0.3378049866803925,0.3382685124694844,0.32392650085012303
0.3170604696278821,0.34215917219805736,0.3407803581740604
0.31004871549003094,0.3309943448369922,0.35895693967297687
0.33964540088095696,0.3372597049033916,0.3230948942156513
0.41941782167037395,0.3086596250233667,0.27192255330625936
0.31567533455200736,0.3369214553712393,0.34740321007675345
0.327022137009965,0.3385890921223777,0.3343887708676572
0.35600477462157765,0.3262648945928307,0.31773033078559165
0.30048588433969664,0.3463546440918542,0.3531594715684492
0.30898157279931204,0.3553737700117816,0.3356446571889065
0.34002485451618447,0.3267626948724249,0.3332124506113906
0.3375941289612824,0.34362818910330556,0.318777681935412
0.35813764917453744,0.31982415570797734,0.32203819511748527
0.33216653553170605,0.3220506821823111,0.3457827822859829
0.3277816679980805,0.3406372372762077,0.3315810947257118
0.33899285683498187,0.3450758945078931,0.31593124865712496
0.3246895166827345,0.33582974577746655,0.339480737539799
0.32718703026029194,0.33251945231716373,0.3402935174225443
0.34553569281660856,0.32391966121038945,0.33054464597300204
0.32662675662983415,0.3175000055406338,0.3558732378295321
0.39360431157271697,0.3552809683066093,0.25111472012067365
0.39587317259442,0.29571067218996483,0.30841615521561516
0.34292357430548065,0.3217309220507168,0.33534550364380256
0.291844023755648,0.33054051153009095,0.377615464714261
0.38455600636918863,0.3118642033873839,0.3035797902434275
0.35152285425678287,0.3287649824158163,0.3197121633274008
0.3564482342258805,0.33460870431454276,0.30894306145957673
0.32018569331244173,0.3270599437297397,0.3527543629578186
0.2690339796420802,0.33235776394846817,0.39860825640945163
0.32762044406797985,0.3237479290445866,0.34863162688743354
0.3098568484207552,0.3444302960653507,0.345712855513894
0.35572686641075896,0.33324636125077595,0.31102677233846515
0.29340313156428155,0.34574147708624153,0.360855391349477
0.29908357326175694,0.34040358461900355,0.3605128421192395
0.3058011945160166,0.34440904869147937,0.34978975679250407
0.31590976403341214,0.34987756525122515,0.3342126707153628
0.33889580480546977,0.33657264200166276,0.32453155319286753
0.3135649620061311,0.3448031743406005,0.3416318636532684
0.2466839829225123,0.36896889611152656,0.3843471209659611
0.35682002686253966,0.3323518612847095,0.3108281118527509
0.2794721251483445,0.3531967920611103,0.36733108279054516
0.2925646206089502,0.35222308342949255,0.3552122959615573
0.2933947111537798,0.362602087344741,0.3440032015014791
0.3014392446832843,0.3498944020432991,0.34866635327341666
0.26966869287573364,0.3526619732899447,0.3776693338343216
0.340104898284246,0.32977674634881615,0.33011835536693784
0.2928596647065361,0.34130676831991785,0.3658335669735461
0.35833535210188416,0.34296119426901683,0.2987034536290989
0.27619650724070005,0.3493976669222933,0.37440582583700666
0.3184020527526244,0.3359410525046821,0.3456568947426935
0.3241369729782843,0.3505879837725853,0.32527504324913054
0.3407623074408703,0.34268592048488494,0.3165517720742447
0.35160130171936704,0.32339058155128175,0.32500811672935115
0.3236763639651005,0.33981175450187956,0.33651188153301986
0.3241869824994874,0.32787784906108103,0.3479351684394316
0.36634089023558175,0.32524001978572553,0.3084190899786928
0.3145095958344763,0.3478870302334736,0.3376033739320501
0.3627549679421578,0.3191006623014008,0.3181443697564414
0.31544000237707864,0.34182792078695984,0.34273207683596146
0.2775781372208148,0.31743578115718474,0.4049860816220005
0.37427405266056896,0.298415734045377,0.3273102132940541
0.29662047788475665,0.3225631454282426,0.38081637668700064
0.42449742728080314,0.2864609038697246,0.2890416688494722
0.2880139284614187,0.37246706048320927,0.3395190110553721
0.2806731685352282,0.3577880070730202,0.3615388243917516
0.27710361819435136,0.34336935501349103,0.37952702679215755
0.26392301451181827,0.33808582845940904,0.3979911570287727
0.3176428736954813,0.3523388640253382,0.3300182622791806
0.30256730325014486,0.33014070782945004,0.36729198892040515
0.3937461532458505,0.3134029378109716,0.2928509089431779
0.33558250282817725,0.343797949280645,0.32061954789117786
0.29943178092311,0.3418993959259575,0.35866882315093246
0.3055617901620514,0.3369474444979138,0.35749076534003477
0.34243432176298116,0.33360188694328574,0.32396379129373315
0.3048202889474342,0.345068182986404,0.35011152806616175
0.3765665281918624,0.327196356649663,0.29623711515847456
0.3536455710376952,0.3325614030950911,0.31379302586721375
0.3208195672325698,0.3481043850323469,0.33107604773508337
0.3075610062760305,0.34505291799141585,0.34738607573255365
0.3232569911495262,0.32791217298138314,0.3488308358690907
0.31629516384529194,0.32402783724970863,0.35967699890499943
0.30543933503090437,0.35735019893494946,0.3372104660341461
0.3246033035118538,0.3244740563594817,0.3509226401286644
0.27995593978573957,0.3503076408952831,0.36973641931897727
0.3491984900636431,0.341947638367969,0.30885387156838784
0.3210148443293809,0.35371749357141546,0.32526766209920366
0.3223102527163682,0.3262649258234935,0.3514248214601383
0.35140847545227344,0.32534199208100667,0.32324953246672
0.2924684245881683,0.3453051005077012,0.3622264749041306
0.3116326910901234,0.341321299472534,0.3470460094373427
0.37586909579811506,0.3313237147721504,0.2928071894297346
0.26895141464919675,0.3417501319434708,0.38929845340733243
0.3082459955390993,0.34087701353429867,0.3508769909266021
0.28413162054390506,0.3441267346668836,0.3717416447892114
0.2522525229897399,0.35674306395974104,0.3910044130505191
0.3615453458535674,0.3352872200394118,0.3031674341070208
0.3684823644335431,0.30481507618199905,0.32670255938445797
0.30818451383675927,0.33182186789241636,0.3599936182708244
0.3577721786414885,0.32800731807836164,0.31422050328014983
0.324389659912841,0.33002390096782314,0.3455864391193358
0.3959689803351165,0.3136804119999442,0.2903506076649394
0.2984419508175408,0.35832741026719256,0.3432306389152666
0.3057156643564599,0.3473724747552547,0.3469118608882854
0.2643221743568651,0.48424544949302184,0.2514323761501131
0.3132955200281416,0.3507122071245184,0.33599227284733996
0.4457154095338546,0.3064912308427134,0.247793359623432
0.30242797968807306,0.34671970397343577,0.3508523163384911
0.30801347150404884,0.3315215521987182,0.36046497629723295
0.34524227351700054,0.3356836175633364,0.31907410891966304
0.29505708283683196,0.3264899273267674,0.37845298983640063
0.32290463222795807,0.3526135793598999,0.32448178841214204
0.3254050397539819,0.3465692520208928,0.32802570822512533
0.24459714455852566,0.35216786596073163,0.4032349894807426
0.3086952511758026,0.3349730496066787,0.3563316992175188
0.31151903906523193,0.3410110722173576,0.34746988871741047
0.32958051168254093,0.34098222456458244,0.3294372637528767
0.26654805179086166,0.3213017749729324,0.412150173236206
0.35963075901668384,0.3121157485665652,0.32825349241675095
0.3194354947644566,0.3316231296296927,0.34894137560585065
0.3139691274965436,0.3417082237517329,0.3443226487517236
0.3284203308411861,0.3322621418331198,0.339317527325694
0.3489678269823352,0.3289428415120202,0.32208933150564467
0.3372035573133718,0.34344942057923106,0.31934702210739724
0.32416402018513346,0.33313700243042366,0.3426989773844428
0.3053050857177173,0.3475238361249105,0.3471710781573722
0.3072391541531476,0.33276874611050816,0.3599920997363442
0.3081670971979353,0.34752437608174597,0.3443085267203187
0.36261285526323545,0.3246312340812651,0.3127559106554995
0.38077748630678426,0.309162027498706,0.3100604861945098
0.27865969243204053,0.3272643337069119,0.3940759738610475
0.328109863645334,0.33050434926769945,0.3413857870869665
0.3316069119014465,0.3428729060502245,0.3255201820483289
0.33365406627218813,0.33355564806941534,0.3327902856583966
0.33339382505218507,0.3516629797268914,0.31494319522092346
0.27145545892258255,0.34111756267164045,0.38742697840577706
0.35335624521990106,0.3548086268491124,0.29183512793098654
0.352416134316307,0.31627530496938727,0.33130856071430587
0.33808181137304366,0.33579618820958684,0.32612200041736944
0.34053274518231497,0.3271157146280182,0.33235154018966667
0.37381383709134813,0.3219777443741571,0.30420841853449476
0.32219584129973466,0.3270904463345265,0.3507137123657389
0.30767486755098133,0.32461393743201983,0.3677111950169988
0.331401077536661,0.33646280023700004,0.332136122226339
0.30586832123989277,0.34384342063882584,0.3502882581212814
0.3536350982521929,0.32743529548848876,0.3189296062593184
0.32527601124325556,0.3288919219251937,0.34583206683155077
0.3303549791997812,0.3415775614916419,0.328067459308577
0.3307043102722806,0.337286713318256,0.33200897640946336
0.3498130788605975,0.3359646658490256,0.3142222552903771
0.31262840198561664,0.3562305486638634,0.3311410493505199
0.3333047015910956,0.3324902497811382,0.33420504862776623
0.3007435708782483,0.3432048805690653,0.3560515485526864
0.31638329072101484,0.3486337028198147,0.3349830064591704
0.3066434988443921,0.3410605408158506,0.35229596033975713
0.316991375937154,0.34443371861715705,0.3385749054456892
0.33403044573267765,0.3316900131563844,0.33427954111093794
0.29267970212405664,0.3322363011036676,0.37508399677227566
0.36520187828766937,0.32807995935096473,0.3067181623613658
0.32598178539551487,0.3490586852831539,0.32495952932133115
0.29942576856002456,0.33956463082815047,0.36100960061182497
0.34534495459617687,0.32415018907085746,0.33050485633296567
0.3337583119099309,0.3315212781281496,0.3347204099619195
0.36944802796288145,0.3211217955760821,0.30943017646103643
0.29076426663992877,0.3362927353347902,0.372942998025281
0.3378499607633351,0.33864223012582756,0.3235078091108374
0.37652689934906136,0.3211723355088991,0.30230076514203946
0.3560228674758386,0.3215737049774543,0.32240342754670703
0.33804011857506594,0.32680142466989787,0.3351584567550361
0.3344046264701721,0.3367553568665901,0.32884001666323787
0.28278057596654377,0.3362624191971769,0.38095700483627926
0.31051899870473787,0.34443465875291857,0.34504634254234356
0.31424446117566873,0.3272434128323121,0.35851212599201904
0.33241265346464116,0.34550978897448165,0.32207755756087725
0.32496050966127205,0.3397849846486559,0.3352545056900719
0.31396781983072675,0.33944897444239963,0.34658320572687357
0.33394509011900186,0.3414011434872324,0.3246537663937657
0.28272655984432155,0.34257895927346066,0.3746944808822178
0.29597273491869647,0.33915197745469405,0.36487528762660953
0.28657974785039697,0.3409594778887965,0.3724607742608065
0.2627054464794161,0.34575549495135766,0.39153905856922616
0.319937673285822,0.3554816230065352,0.3245807037076428
0.31771703366545817,0.33805541942145617,0.34422754691308577
0.3108454056573668,0.34962433798219034,0.33953025636044293
0.3269348906579452,0.3387904297908528,0.3342746795512019
0.3544706872862807,0.33224562503215854,0.3132836876815608
0.3418989633467906,0.34287133437751727,0.31522970227569225
0.3148087410877877,0.34285029498596054,0.34234096392625196
0.3134912786091779,0.3457998067502069,0.34070891464061515
0.34043483876286207,0.33898022505795483,0.3205849361791831
0.36735338466518813,0.3242792120529139,0.30836740328189793
0.2786020939036746,0.3508580747735859,0.3705398313227395
0.32051533433434254,0.33776013459184745,0.34172453107381007
0.3307694062369048,0.3412190762117499,0.3280115175513452
0.35909666338799123,0.32945504477713367,0.3114482918348753
0.32293328601211674,0.3440170317745503,0.3330496822133329
0.30982364559336173,0.35980804186607884,0.3303683125405595
0.2994844148257693,0.3423769694569073,0.35813861571732336
0.31033909983739943,0.3347180631741126,0.354942836988488
0.38542703453063504,0.32038226001882664,0.2941907054505383
0.34571029475511666,0.33633909458923233,0.31795061065565106
0.3105745887818018,0.35279264121466525,0.33663277000353314
0.29984711256154195,0.33767169935672137,0.36248118808173657
0.32411894497381905,0.3332178200542657,0.34266323497191525
0.4011505766353394,0.31532638065836577,0.28352304270629486
0.31376890372921107,0.33826236745431676,0.3479687288164721
0.30546322004891074,0.34121876349004254,0.3533180164610466
0.32036633542682924,0.35807917785090065,0.32155448672227016
0.3055758196232536,0.35507192809950644,0.33935225227724003
0.33980810832645525,0.31690605784423187,0.34328583382931294
0.41190737577808106,0.2971667884811566,0.2909258357407623
0.38620721944277436,0.31539136145316415,0.2984014191040614
0.34114537115198246,0.32718502484599427,0.3316696040020236
0.36855011047852393,0.3184688575387597,0.31298103198271643
0.3697545953933169,0.32698347616019335,0.3032619284464897
0.3747157219168603,0.31767345263547947,0.30761082544766033
0.3666087987105175,0.30577402301085616,0.32761717827862635
0.28527811808547565,0.37908015874798073,0.3356417231665436
0.31561399959874603,0.34371621618797193,0.3406697842132821
0.3163473221762219,0.3372991615704913,0.34635351625328686
0.32932608457558843,0.34091743559946686,0.3297564798249447
0.31547673102017276,0.33752850320277594,0.34699476577705124
0.29437884403155884,0.3628523300021792,0.34276882596626196
0.3207012036757384,0.3342244686229239,0.3450743277013377
0.3546313376723303,0.3227450606143551,0.3226236017133145
0.3192890321568013,0.34321485835803867,0.33749610948516
0.26952220964782925,0.335098763627746,0.39537902672442476
0.32242860125509604,0.33741512308923644,0.34015627565566753
0.3205388175393582,0.34450974608416457,0.3349514363764771
0.274296883401735,0.33115140388111214,0.3945517127171529
0.3620857753237122,0.3180257281393387,0.31988849653694895
0.3426124866100783,0.3326732763967126,0.32471423699320906
0.24861332356978094,0.3894897839935647,0.36189689243665435
0.31299118757644784,0.33163321773019244,0.3553755946933598
0.3071014179973983,0.3691157596548019,0.32378282234779976
0.30556433866585864,0.3442948426504631,0.3501408186836783
0.35489396683507657,0.3344115244743616,0.3106945086905618
0.3386253707812412,0.33559793488220596,0.3257766943365528
0.3175933488458048,0.3407560460264928,0.3416506051277023
0.31184872806569414,0.3377432886991844,0.35040798323512146
0.36186941582036103,0.3355393042039554,0.3025912799756836
0.3655845005557597,0.325776677596806,0.3086388218474342
0.3128238093119211,0.3420268106455065,0.34514938004257234
0.29229466333645465,0.33713420115807763,0.3705711355054677
0.35945740913863294,0.3259203320774967,0.31462225878387046
0.2899429399355018,0.352533161841221,0.3575238982232771
0.3236228398230841,0.34876669030344604,0.32761046987346987
0.3023456505442231,0.34001183616441993,0.35764251329135704
0.3136676201333757,0.3382834717656875,0.3480489081009367
0.3652401706804928,0.3329104299157703,0.3018493994037369
0.3516929194217542,0.3242063053030864,0.32410077527515935
0.34594952481437163,0.33532688584606535,0.3187235893395631
0.3718182401611598,0.32337242751703194,0.30480933232180846
0.317085911592914,0.3329079732772515,0.35000611512983454
0.3644042219961093,0.3308683577701756,0.30472742023371513
0.27976750140927054,0.3509074858952439,0.3693250126954856
0.36450505647001447,0.33025260646738525,0.30524233706260023
0.3819301766974233,0.3252824685875406,0.292787354715036
0.3188722327460934,0.33031784229505234,0.35080992495885427
0.37987604835446315,0.3037511370147163,0.31637281463082056
0.3152961950469908,0.33404620542320534,0.35065759952980385
0.3023745867052128,0.34344147449524964,0.35418393879953747
0.30582060170928016,0.34429175009846064,0.34988764819225915
0.33119257959787296,0.33151262993298625,0.33729479046914085
0.38376776594805645,0.31394856286586,0.3022836711860835
0.3286812342684486,0.32875516341403416,0.34256360231751726
0.31619366445419705,0.33519561859467983,0.34861071695112317
0.3042957789305124,0.3272645780163702,0.3684396430531174
0.348624525898287,0.3389984918953024,0.3123769822064106
0.30135311050045005,0.3291832886366001,0.36946360086294994
0.3282219301066786,0.3329659200756896,0.3388121498176317
0.41266837289003283,0.3095536390301131,0.27777798807985393
0.34830105583430576,0.3345835072431128,0.3171154369225814
0.35194646846928357,0.32928389679514625,0.3187696347355701
0.3245167090978831,0.34374535736418943,0.3317379335379276
0.3143869318361573,0.33569090092619347,0.3499221672376493
0.32050387389666773,0.33999226991315734,0.339503856190175
0.3271266208857561,0.3380793733904926,0.33479400572375123
0.32255211777073434,0.3481106212341289,0.3293372609951367
0.302122938594101,0.3266433744396951,0.3712336869662039
0.26289601456932843,0.342024715921611,0.3950792695090607
0.28102142184855045,0.3533423856389636,0.365636192512486
0.26567550027992554,0.3562140143249806,0.37811048539509384
0.31860544368685945,0.3413246534198217,0.3400699028933188
0.3046457165601439,0.3327389754505645,0.3626153079892916
0.3153282402070514,0.3302016682371114,0.35447009155583725
0.33112263183137314,0.33887494063406737,0.3300024275345594
0.253267722813974,0.3401671758661801,0.4065651013198458
0.3382864202047664,0.33977382406093315,0.32193975573430045
0.27199208260397434,0.35991116991681077,0.3680967474792149
0.34268326075764405,0.31693133750685876,0.3403854017354972
0.27663194821333364,0.3405835275620859,0.3827845242245804
0.33637119025906087,0.33174707621885136,0.33188173352208766
0.32100050161929594,0.3389990649362674,0.3400004334444367
0.35054929790740824,0.33007512843058184,0.3193755736620099
0.3222774228467307,0.33072150156248503,0.3470010755907843
0.34532201608075475,0.34222352520691074,0.31245445871233446
0.32352966525275006,0.3343581317936612,0.3421122029535888
0.3500872099273856,0.32153056124673246,0.328382228825882
0.321485630002893,0.3387732882533646,0.33974108174374246
0.3129621349616928,0.3192664822645117,0.3677713827737956
0.33159706938008077,0.3416346228302398,0.32676830778967936
0.30806881241759876,0.3480591521484019,0.3438720354339994
0.3340870649316591,0.3416954110254008,0.32421752404294
0.34655845470104174,0.3321500057717845,0.3212915395271737
0.33529406831461106,0.3235587032369684,0.3411472284484205
0.31825172123421996,0.3435212258853735,0.3382270528804065
0.33859409041246785,0.33179771780077183,0.3296081917867603
0.31566507858667125,0.34567075837294786,0.3386641630403809
0.31792143435669823,0.32789069188512654,0.35418787375817523
0.32501010529381263,0.34138299855605575,0.33360689615013167
0.33547015849929035,0.31653899389331414,0.34799084760739557
0.34155914302182483,0.3356177824442592,0.32282307453391595
0.33347337443085556,0.34070977362254073,0.3258168519466037
0.39403980997180044,0.3271018138059622,0.27885837622223736
0.34566138703828564,0.3253528170946255,0.328985795867089
0.32480865168655043,0.33323485618365284,0.34195649212979684
0.3202730904766221,0.337676929638102,0.3420499798852759
0.36588425997564145,0.3244302008591645,0.3096855391651941
0.3279299044104324,0.338403346083262,0.3336667495063056
0.3273028093285269,0.33178136502847055,0.34091582564300255
0.35968579595287936,0.32353691021914227,0.3167772938279783
0.2677156712015037,0.34573634345663085,0.38654798534186546
0.3297412330036449,0.33061616771336333,0.3396425992829918
0.31177440597316725,0.32748058016371945,0.3607450138631133
0.29693722862114297,0.35171401814439796,0.3513487532344591
0.37343415753196113,0.3347895692121597,0.29177627325587924
0.3232590735575134,0.3488290697724157,0.32791185667007094
0.3645519601488399,0.3197783465667542,0.31566969328440586
0.33801895770354706,0.33501829555152135,0.32696274674493164
0.32888587292660976,0.3190663261750329,0.3520478008983573
0.30443360638354877,0.33485818506297604,0.360708208553475
0.32048046079877507,0.3408499071720641,0.3386696320291609
0.30970513738707367,0.3585300585512522,0.331764804061674
0.32343737101351744,0.33940882240402503,0.3371538065824575
0.33039461398878384,0.33662501548949525,0.3329803705217209
0.32866892286597715,0.35022463255020536,0.32110644458381743
0.30633865615161293,0.34854181217071833,0.3451195316776688
0.32604230704968024,0.33221625507270724,0.34174143787761263
0.3277770553842805,0.33694282270642023,0.3352801219092993
0.3436954361144343,0.33963738182089376,0.3166671820646719
0.2984355945446856,0.34198913113945295,0.35957527431586145
0.36296071974382205,0.3219505640718377,0.3150887161843403
0.31531442979240926,0.35153300725850845,0.33315256294908224
0.35040362432523975,0.33072007379042323,0.318876301884337
0.2935526911431977,0.34263283201232453,0.36381447684447776
0.3329987823134606,0.3457163976331742,0.32128482005336517
0.3030239988046038,0.34836926560144144,0.3486067355939548
0.33215711347429827,0.3204900977002714,0.34735278882543036
0.32480329688295606,0.3351257022401347,0.3400710008769093
0.3169946352536801,0.35118963158267064,0.3318157331636494
0.3065904309677885,0.3310893937638058,0.36232017526840565
0.34961273496360445,0.349217200928493,0.30117006410790265
0.33644960837022364,0.33212333161714164,0.3314270600126346
0.3174347789369166,0.34711574959169855,0.3354494714713848
0.31964529032286687,0.3448435570602455,0.33551115261688763
0.34464779949251506,0.34115756652445334,0.31419463398303155
0.35342981149873254,0.3409229505706212,0.3056472379306462
0.3184571172509104,0.33995206933405203,0.34159081341503766
0.3612940093547713,0.33981932349401156,0.29888666715121714
0.36512325042891053,0.3232568057154356,0.31161994385565384
0.35516577035378555,0.33014487620692323,0.31468935343929116
0.2712542581779641,0.34235165101172643,0.3863940908103094
0.2961959291718581,0.34468148134401244,0.35912258948412945
0.2856242322764408,0.352632172778451,0.36174359494510816
0.3117410244002134,0.33483080555744854,0.3534281700423379
0.23503132144808092,0.36078665433945545,0.40418202421246363
0.2933306044794901,0.361065398031628,0.34560399748888193
0.31940262749180237,0.32953009166136893,0.3510672808468287
0.3472820972120165,0.2945566481965214,0.3581612545914621
0.31947325133694243,0.3504029069158159,0.33012384174724174
0.389400621704057,0.33216598576725,0.27843339252869304
0.30713301400606663,0.3469835381341819,0.3458834478597514
0.3409002360857578,0.3336995913906347,0.3254001725236074
0.34050317912642797,0.3332813577487648,0.32621546312480726
0.3060065803514698,0.34065188819906583,0.35334153144946434
0.3673211720333839,0.325305487121781,0.3073733408448352
0.31259102257079163,0.34694414003873064,0.34046483739047784
0.31636929164379146,0.35623701140329067,0.3273936969529179
0.3833126228607085,0.32531767009650137,0.2913697070427901
0.3584981261556769,0.3295056584852374,0.31199621535908584
0.34425960848036763,0.34353614971947977,0.3122042418001526
0.36237540747716535,0.3226159201089413,0.3150086724138933
0.34155538213884123,0.3374794923706983,0.3209651254904604
0.3406828293559447,0.33763536249439563,0.3216818081496598
0.39071749984916615,0.3148173912189211,0.29446510893191274
0.26933508801116907,0.3329900327024514,0.3976748792863795
0.30032448778542964,0.3346857051642199,0.36498980705035033
0.25952061035997814,0.34800336733484016,0.39247602230518175
0.3094767578021797,0.32679284818108467,0.3637303940167356
0.3084206187994909,0.3431171597811961,0.34846222141931293
0.32247069111352256,0.3333178931335307,0.3442114157529467
0.29755096870690373,0.3450217849760954,0.35742724631700085
0.31704314002957595,0.34558906886709045,0.3373677911033336
0.33055657002881933,0.33044399303201866,0.33899943693916196
0.30477841109020665,0.3340520237699911,0.3611695651398022
0.2937020916463521,0.3561830180162555,0.3501148903373924
0.3451649395806781,0.3382996528320383,0.3165354075872836
0.29930691727971315,0.3444687123056451,0.3562243704146418
0.3073273695593572,0.34268358995173,0.3499890404889128
0.2828725572138116,0.3485333154014215,0.3685941273847669
0.29255001931362634,0.3321396113649491,0.37531036932142453
0.32050280580763385,0.34103748361046243,0.3384597105819036
0.3036923088375981,0.3335864597369621,0.3627212314254397
0.3219938808507308,0.33641356133868316,0.3415925578105861
0.3145148606336758,0.34292247750203514,0.342562661864289
0.33612582888099174,0.32973818556498496,0.3341359855540233
0.28210975024957574,0.33225897710647995,0.3856312726439443
0.35753959658111045,0.3289495445354284,0.3135108588834612
0.3647978299621344,0.32799803274200595,0.3072041372958596
0.34597325712535504,0.33329562662662376,0.3207311162480212
0.31369797039762004,0.3458028160663999,0.34049921353598006
0.3254777632987474,0.33851092924287424,0.33601130745837837
0.37488448868953217,0.3212405640163886,0.3038749472940792
0.36361122890716363,0.32290542806078815,0.31348334303204806
0.34773547219814804,0.33086537832314855,0.3213991494787034
0.35979960555413787,0.3201367497539339,0.3200636446919282
0.37180531993247434,0.3346536054381457,0.29354107462937984
0.3188941516388285,0.3416787513306428,0.33942709703052876
0.3453522990178385,0.32502064014518517,0.3296270608369764
0.30971487833427513,0.3532204089404902,0.33706471272523464
0.38532343365350696,0.3188483713994207,0.2958281949470723
0.3297675298611301,0.3376805524075719,0.3325519177312981
0.3502652445146972,0.33261884359895866,0.3171159118863443
0.3247317386324163,0.355144999172848,0.3201232621947359
0.39087038656189554,0.32935214971956406,0.2797774637185404
0.3388285863426192,0.34450502085242835,0.3166663928049525
0.2965039606740154,0.3659360800999243,0.33755995922606036
0.29575918910057875,0.3414555660856367,0.3627852448137846
0.39477141860588205,0.30613611001642116,0.2990924713776967
0.31155534207446217,0.3507716909799933,0.3376729669455446
0.31842731854505324,0.337870831662487,0.3437018497924598
0.3768327221015259,0.32815723770082955,0.2950100401976445
0.3199048007671577,0.34266150776847515,0.3374336914643671
0.31442851612794837,0.33517578699870165,0.35039569687335
0.29508673493887194,0.3395277960604228,0.36538546900070523
0.3236544846438425,0.3279047448997757,0.3484407704563818
0.3525071171354346,0.32544421350721603,0.32204866935734944
0.32683855919150845,0.3370969809233914,0.33606445988510003
0.29300675991606384,0.32936051902609775,0.3776327210578384
0.3104641643685744,0.3444973195598985,0.3450385160715271
0.27131446413285865,0.3540353582273026,0.3746501776398388
0.2768088117655097,0.3412138423886331,0.38197734584585724
0.3440360566991886,0.32108090630549174,0.3348830369953196
0.2979016874281903,0.3389364148169614,0.36316189775484825
0.2686049230719268,0.3669752438789538,0.36441983304911946
0.31096240404444525,0.33881262808437546,0.3502249678711794
0.36018689952769256,0.33130797807995804,0.3085051223923494
0.3306680045672884,0.33139222605576035,0.3379397693769514
0.3215667498781158,0.3294056744973968,0.34902757562448733
0.3610216928716779,0.3233078271490437,0.3156704799792783
0.30514357604583103,0.34311231418454513,0.3517441097696239
0.3182525052070884,0.3458630162036974,0.3358844785892141
0.2668928368539698,0.3721222006148149,0.3609849625312153
0.27463062299137503,0.3727944538412445,0.3525749231673805
0.3273387243758261,0.3569836994296578,0.3156775761945161
0.3328044913470274,0.32431718916140734,0.34287831949156533
0.318128017410947,0.3554283873437764,0.3264435952452768
0.3171075695568237,0.3338016193686873,0.3490908110744891
0.3292108327820827,0.35187058305461627,0.31891858416330104
0.33195146798957786,0.34160180649535543,0.3264467255150666
0.33220844020380014,0.3388988557897324,0.32889270400646753
0.31791665121672064,0.3373592733737272,0.34472407540955213
0.31423791144724544,0.34280221389972,0.3429598746530346
0.3643784583233878,0.32204456496157796,0.3135769767150344
0.32637563443077483,0.3297123294940545,0.3439120360751707
0.3183942400590943,0.34007819668591416,0.34152756325499145
0.3474518100404488,0.32609641541316253,0.32645177454638863
0.40099788269921455,0.2839895798387145,0.31501253746207103
0.32181976107064636,0.3369122052409416,0.3412680336884119
0.35384780969016605,0.33379968455287545,0.31235250575695844
0.3366728298855349,0.33932122118702346,0.3240059489274418
0.3403162823424434,0.3432677923187429,0.3164159253388137
0.33636250310117727,0.34187663624109876,0.32176086065772397
0.364671414137989,0.3245621365886846,0.3107664492733265
0.3211785054067743,0.34414195233160116,0.3346795422616245
0.35413634249462095,0.33257831719038866,0.3132853403149904
0.35632353342763745,0.31891940086664716,0.3247570657057154
0.32710597688600557,0.3372737432669208,0.3356202798470737
0.3406594999618243,0.3419948871160834,0.3173456129220924
0.35564301624727934,0.338719908465634,0.3056370752870866
0.2977610058413607,0.347863978585705,0.3543750155729342
0.3236749104571952,0.3299634414744031,0.34636164806840175
0.31236155726282505,0.33499921402297683,0.35263922871419817
0.3586763903307276,0.3197254275098636,0.3215981821594087
0.33728966927723286,0.326826115716084,0.33588421500668314
0.3266059376167522,0.32764937109961506,0.3457446912836328
0.3274968803781957,0.3344511555793519,0.3380519640424524
0.19232312294172665,0.32884676555712367,0.47883011150114974
0.35787614245351845,0.3179168250101623,0.32420703253631933
0.313216436227888,0.3349633900961087,0.3518201736760033
0.31915613014280986,0.34088208384113905,0.3399617860160511
0.303487581140515,0.338113419963702,0.35839899889578297
0.3276959695644372,0.32631349854048075,0.3459905318950821
0.33386921089198585,0.3285947442013608,0.3375360449066534
0.3523706665131199,0.3291938672490012,0.318435466237879
0.28078454126318453,0.349111105615307,0.3701043531215085
0.29570045315999577,0.34001234593797347,0.36428720090203076
0.3725971800369104,0.33195509250232863,0.29544772746076087
0.25215874330403876,0.33606050051059566,0.4117807561853655
0.2980527226238786,0.35207103810681745,0.34987623926930383
0.35224891279645826,0.3266925320313308,0.321058555172211
0.3776687495974208,0.32567355911630935,0.2966576912862698
0.3111016125946616,0.3380318182797857,0.3508665691255527
0.3150190490935378,0.3179252695040225,0.36705568140243977
0.3793259515720297,0.32234700143425976,0.29832704699371054
0.33432123705640127,0.3380394770837798,0.32763928585981894
0.2983444227483012,0.3745269465089009,0.32712863074279785
0.29244509353196896,0.3552379759507396,0.3523169305172914
0.27730683018985913,0.34652283487199725,0.3761703349381436
0.3130174902744492,0.3413410517814541,0.34564145794409673
0.3032421159679116,0.3428723103423811,0.3538855736897072
0.2714979329665251,0.3494455259794768,0.37905654105399805
0.29499774453633776,0.33498063067883416,0.37002162478482814
0.36843457874679864,0.30724495898985327,0.32432046226334804
0.3205419801488149,0.3483047119856852,0.3311533078654999
0.3355453996450834,0.3288241054153096,0.33563049493960695
0.3635957894096733,0.3182918275124876,0.3181123830778391
0.37522679020724303,0.3248579865066274,0.2999152232861295
0.3009478895718575,0.327973664149756,0.3710784462783866
0.2716652691984183,0.33295054502891297,0.39538418577266876
0.34903018806300734,0.33929192685932175,0.311677885077671
0.3289016734601675,0.3412398291351734,0.32985849740465906
0.36119308156505175,0.33713966855273225,0.301667249882216
0.33541502337353357,0.33683980534568336,0.32774517128078307
0.3759143342558599,0.32670954233381855,0.2973761234103216
0.37655024389954683,0.318858719738977,0.3045910363614762
0.2719547751210622,0.35405237128776135,0.3739928535911764
0.3298246172939553,0.349425311590509,0.32075007111553583
0.3718258858609303,0.33498124508350574,0.293192869055564
0.30978493762579234,0.33967414117693845,0.3505409211972692
0.4393203768408115,0.3045565037351454,0.2561231194240431
0.3374516230586381,0.33949138323351463,0.32305699370784724
0.3235554271380721,0.33931094567670417,0.3371336271852238
0.3606147103655754,0.3230715341066828,0.31631375552774177
0.36238331445507865,0.3308479867766732,0.3067686987682481
0.36109460894040196,0.3308964727697798,0.30800891828981825
0.31413027560300205,0.3388762970512227,0.3469934273457753
0.3211853360136043,0.3484559400229054,0.3303587239634903
0.34032342853473907,0.3523537286234666,0.3073228428417943
0.32117398398964453,0.3445027727015205,0.33432324330883484
0.35977370474393616,0.32956554289502243,0.3106607523610413
0.3172306394750543,0.3454458706908632,0.3373234898340825
0.34482024897165603,0.33935163546279795,0.3158281155655462
0.32899009597999546,0.331339116715923,0.33967078730408157
0.3480760739185764,0.3332711298568487,0.3186527962245749
0.3816225312032356,0.3305339457340922,0.2878435230626722
0.3916046581259144,0.3148029135129677,0.2935924283611179
0.31384096918246096,0.3395949898974268,0.34656404092011217
0.369453295693391,0.31961214503311636,0.3109345592734927
0.33467909771755316,0.3438599664524273,0.3214609358300196
0.35134678744898834,0.3476910710272443,0.3009621415237674
0.32702302090149743,0.3354850472210253,0.3374919318774772
0.32961348402511664,0.33270892193710877,0.3376775940377746
0.32096731241212795,0.35266858527204453,0.3263641023158275
0.3554296319369614,0.3220834670224748,0.3224869010405638
0.32693923317145895,0.3255711057378926,0.34748966109064855
0.3032747443598814,0.3514371697850877,0.3452880858550309
0.31196769267280794,0.3307139167188525,0.35731839060833953
0.3330825256021702,0.3465621209438384,0.3203553534539914
0.3211769132997085,0.33635380995746017,0.34246927674283123
0.3637348211321915,0.3378380605506308,0.29842711831717766
0.22723145027468772,0.4166039645995605,0.35616458512575183
0.4284306055819987,0.28310147222133325,0.28846792219666806
0.31956258669821325,0.35212102283135893,0.3283163904704278
0.2991117966361981,0.33212952937327805,0.36875867399052403
0.31597116614119136,0.37107570766649156,0.312953126192317
0.3518413874311329,0.331344736376396,0.31681387619247114
0.35959365156357787,0.3362144358426449,0.30419191259377726
0.36037332849474385,0.32057122279367267,0.3190554487115835
0.32885937293361805,0.3373583548329933,0.33378227223338874
0.3123535362288442,0.33519117606410437,0.35245528770705137
0.33399879777434993,0.3297188885191486,0.3362823137065014
0.2967814147986947,0.3385618376142684,0.36465674758703687
0.328556909936938,0.32949036661137276,0.3419527234516892
0.340080153031424,0.32394406844801427,0.33597577852056176
0.32155346722755646,0.3334531954621701,0.34499333731027343
0.35123002485500304,0.3133984216141815,0.33537155353081544
0.3560159674427835,0.3171222583728696,0.3268617741843468
0.32604474926779803,0.3269624498691647,0.3469928008630375
0.3346332757156902,0.3303483085179061,0.33501841576640373
0.3156418036111225,0.3322580661105679,0.3521001302783094
0.3002018718058569,0.3237917386981276,0.3760063894960155
0.3045441474694989,0.3523015851486717,0.3431542673818293
0.23189809850073137,0.3492621541967985,0.41883974730247014
0.3149044402779481,0.32358132494323405,0.3615142347788178
0.34944876167926475,0.34946962608464976,0.3010816122360855
0.33166718031350134,0.3305850187382784,0.3377478009482202
0.33374217652991983,0.332564943889227,0.3336928795808532
0.33258512658709977,0.31570328720718166,0.3517115862057185
0.34502224245643354,0.3391474599906198,0.3158302975529467
